0.0 0.0
0.0 0.02040816326530612
0.0 0.04081632653061224
0.0 0.061224489795918366
0.0 0.08163265306122448
0.0 0.10204081632653061
0.0 0.12244897959183673
0.0 0.14285714285714285
0.0 0.16326530612244897
0.0 0.1836734693877551
0.0 0.20408163265306123
0.0 0.22448979591836735
0.0 0.24489795918367346
0.0 0.2653061224489796
0.0 0.2857142857142857
0.0 0.30612244897959184
0.0 0.32653061224489793
0.0 0.3469387755102041
0.0 0.3673469387755102
0.0 0.3877551020408163
0.0 0.40816326530612246
0.0 0.42857142857142855
0.0 0.4489795918367347
0.0 0.46938775510204084
0.0 0.4897959183673469
0.0 0.5102040816326531
0.0 0.5306122448979592
0.0 0.5510204081632653
0.0 0.5714285714285714
0.0 0.5918367346938775
0.0 0.6122448979591837
0.0 0.6326530612244898
0.0 0.6530612244897959
0.0 0.673469387755102
0.0 0.6938775510204082
0.0 0.7142857142857143
0.0 0.7346938775510204
0.0 0.7551020408163265
0.0 0.7755102040816326
0.0 0.7959183673469388
0.0 0.8163265306122449
0.0 0.8367346938775511
0.0 0.8571428571428571
0.0 0.8775510204081632
0.0 0.8979591836734694
0.0 0.9183673469387755
0.0 0.9387755102040817
0.0 0.9591836734693877
0.0 0.9795918367346939
0.0 1.0
0.02040816326530612 0.0
0.02040816326530612 0.02040816326530612
0.02040816326530612 0.04081632653061224
0.02040816326530612 0.061224489795918366
0.02040816326530612 0.08163265306122448
0.02040816326530612 0.10204081632653061
0.02040816326530612 0.12244897959183673
0.02040816326530612 0.14285714285714285
0.02040816326530612 0.16326530612244897
0.02040816326530612 0.1836734693877551
0.02040816326530612 0.20408163265306123
0.02040816326530612 0.22448979591836735
0.02040816326530612 0.24489795918367346
0.02040816326530612 0.2653061224489796
0.02040816326530612 0.2857142857142857
0.02040816326530612 0.30612244897959184
0.02040816326530612 0.32653061224489793
0.02040816326530612 0.3469387755102041
0.02040816326530612 0.3673469387755102
0.02040816326530612 0.3877551020408163
0.02040816326530612 0.40816326530612246
0.02040816326530612 0.42857142857142855
0.02040816326530612 0.4489795918367347
0.02040816326530612 0.46938775510204084
0.02040816326530612 0.4897959183673469
0.02040816326530612 0.5102040816326531
0.02040816326530612 0.5306122448979592
0.02040816326530612 0.5510204081632653
0.02040816326530612 0.5714285714285714
0.02040816326530612 0.5918367346938775
0.02040816326530612 0.6122448979591837
0.02040816326530612 0.6326530612244898
0.02040816326530612 0.6530612244897959
0.02040816326530612 0.673469387755102
0.02040816326530612 0.6938775510204082
0.02040816326530612 0.7142857142857143
0.02040816326530612 0.7346938775510204
0.02040816326530612 0.7551020408163265
0.02040816326530612 0.7755102040816326
0.02040816326530612 0.7959183673469388
0.02040816326530612 0.8163265306122449
0.02040816326530612 0.8367346938775511
0.02040816326530612 0.8571428571428571
0.02040816326530612 0.8775510204081632
0.02040816326530612 0.8979591836734694
0.02040816326530612 0.9183673469387755
0.02040816326530612 0.9387755102040817
0.02040816326530612 0.9591836734693877
0.02040816326530612 0.9795918367346939
0.02040816326530612 1.0
0.04081632653061224 0.0
0.04081632653061224 0.02040816326530612
0.04081632653061224 0.04081632653061224
0.04081632653061224 0.061224489795918366
0.04081632653061224 0.08163265306122448
0.04081632653061224 0.10204081632653061
0.04081632653061224 0.12244897959183673
0.04081632653061224 0.14285714285714285
0.04081632653061224 0.16326530612244897
0.04081632653061224 0.1836734693877551
0.04081632653061224 0.20408163265306123
0.04081632653061224 0.22448979591836735
0.04081632653061224 0.24489795918367346
0.04081632653061224 0.2653061224489796
0.04081632653061224 0.2857142857142857
0.04081632653061224 0.30612244897959184
0.04081632653061224 0.32653061224489793
0.04081632653061224 0.3469387755102041
0.04081632653061224 0.3673469387755102
0.04081632653061224 0.3877551020408163
0.04081632653061224 0.40816326530612246
0.04081632653061224 0.42857142857142855
0.04081632653061224 0.4489795918367347
0.04081632653061224 0.46938775510204084
0.04081632653061224 0.4897959183673469
0.04081632653061224 0.5102040816326531
0.04081632653061224 0.5306122448979592
0.04081632653061224 0.5510204081632653
0.04081632653061224 0.5714285714285714
0.04081632653061224 0.5918367346938775
0.04081632653061224 0.6122448979591837
0.04081632653061224 0.6326530612244898
0.04081632653061224 0.6530612244897959
0.04081632653061224 0.673469387755102
0.04081632653061224 0.6938775510204082
0.04081632653061224 0.7142857142857143
0.04081632653061224 0.7346938775510204
0.04081632653061224 0.7551020408163265
0.04081632653061224 0.7755102040816326
0.04081632653061224 0.7959183673469388
0.04081632653061224 0.8163265306122449
0.04081632653061224 0.8367346938775511
0.04081632653061224 0.8571428571428571
0.04081632653061224 0.8775510204081632
0.04081632653061224 0.8979591836734694
0.04081632653061224 0.9183673469387755
0.04081632653061224 0.9387755102040817
0.04081632653061224 0.9591836734693877
0.04081632653061224 0.9795918367346939
0.04081632653061224 1.0
0.061224489795918366 0.0
0.061224489795918366 0.02040816326530612
0.061224489795918366 0.04081632653061224
0.061224489795918366 0.061224489795918366
0.061224489795918366 0.08163265306122448
0.061224489795918366 0.10204081632653061
0.061224489795918366 0.12244897959183673
0.061224489795918366 0.14285714285714285
0.061224489795918366 0.16326530612244897
0.061224489795918366 0.1836734693877551
0.061224489795918366 0.20408163265306123
0.061224489795918366 0.22448979591836735
0.061224489795918366 0.24489795918367346
0.061224489795918366 0.2653061224489796
0.061224489795918366 0.2857142857142857
0.061224489795918366 0.30612244897959184
0.061224489795918366 0.32653061224489793
0.061224489795918366 0.3469387755102041
0.061224489795918366 0.3673469387755102
0.061224489795918366 0.3877551020408163
0.061224489795918366 0.40816326530612246
0.061224489795918366 0.42857142857142855
0.061224489795918366 0.4489795918367347
0.061224489795918366 0.46938775510204084
0.061224489795918366 0.4897959183673469
0.061224489795918366 0.5102040816326531
0.061224489795918366 0.5306122448979592
0.061224489795918366 0.5510204081632653
0.061224489795918366 0.5714285714285714
0.061224489795918366 0.5918367346938775
0.061224489795918366 0.6122448979591837
0.061224489795918366 0.6326530612244898
0.061224489795918366 0.6530612244897959
0.061224489795918366 0.673469387755102
0.061224489795918366 0.6938775510204082
0.061224489795918366 0.7142857142857143
0.061224489795918366 0.7346938775510204
0.061224489795918366 0.7551020408163265
0.061224489795918366 0.7755102040816326
0.061224489795918366 0.7959183673469388
0.061224489795918366 0.8163265306122449
0.061224489795918366 0.8367346938775511
0.061224489795918366 0.8571428571428571
0.061224489795918366 0.8775510204081632
0.061224489795918366 0.8979591836734694
0.061224489795918366 0.9183673469387755
0.061224489795918366 0.9387755102040817
0.061224489795918366 0.9591836734693877
0.061224489795918366 0.9795918367346939
0.061224489795918366 1.0
0.08163265306122448 0.0
0.08163265306122448 0.02040816326530612
0.08163265306122448 0.04081632653061224
0.08163265306122448 0.061224489795918366
0.08163265306122448 0.08163265306122448
0.08163265306122448 0.10204081632653061
0.08163265306122448 0.12244897959183673
0.08163265306122448 0.14285714285714285
0.08163265306122448 0.16326530612244897
0.08163265306122448 0.1836734693877551
0.08163265306122448 0.20408163265306123
0.08163265306122448 0.22448979591836735
0.08163265306122448 0.24489795918367346
0.08163265306122448 0.2653061224489796
0.08163265306122448 0.2857142857142857
0.08163265306122448 0.30612244897959184
0.08163265306122448 0.32653061224489793
0.08163265306122448 0.3469387755102041
0.08163265306122448 0.3673469387755102
0.08163265306122448 0.3877551020408163
0.08163265306122448 0.40816326530612246
0.08163265306122448 0.42857142857142855
0.08163265306122448 0.4489795918367347
0.08163265306122448 0.46938775510204084
0.08163265306122448 0.4897959183673469
0.08163265306122448 0.5102040816326531
0.08163265306122448 0.5306122448979592
0.08163265306122448 0.5510204081632653
0.08163265306122448 0.5714285714285714
0.08163265306122448 0.5918367346938775
0.08163265306122448 0.6122448979591837
0.08163265306122448 0.6326530612244898
0.08163265306122448 0.6530612244897959
0.08163265306122448 0.673469387755102
0.08163265306122448 0.6938775510204082
0.08163265306122448 0.7142857142857143
0.08163265306122448 0.7346938775510204
0.08163265306122448 0.7551020408163265
0.08163265306122448 0.7755102040816326
0.08163265306122448 0.7959183673469388
0.08163265306122448 0.8163265306122449
0.08163265306122448 0.8367346938775511
0.08163265306122448 0.8571428571428571
0.08163265306122448 0.8775510204081632
0.08163265306122448 0.8979591836734694
0.08163265306122448 0.9183673469387755
0.08163265306122448 0.9387755102040817
0.08163265306122448 0.9591836734693877
0.08163265306122448 0.9795918367346939
0.08163265306122448 1.0
0.10204081632653061 0.0
0.10204081632653061 0.02040816326530612
0.10204081632653061 0.04081632653061224
0.10204081632653061 0.061224489795918366
0.10204081632653061 0.08163265306122448
0.10204081632653061 0.10204081632653061
0.10204081632653061 0.12244897959183673
0.10204081632653061 0.14285714285714285
0.10204081632653061 0.16326530612244897
0.10204081632653061 0.1836734693877551
0.10204081632653061 0.20408163265306123
0.10204081632653061 0.22448979591836735
0.10204081632653061 0.24489795918367346
0.10204081632653061 0.2653061224489796
0.10204081632653061 0.2857142857142857
0.10204081632653061 0.30612244897959184
0.10204081632653061 0.32653061224489793
0.10204081632653061 0.3469387755102041
0.10204081632653061 0.3673469387755102
0.10204081632653061 0.3877551020408163
0.10204081632653061 0.40816326530612246
0.10204081632653061 0.42857142857142855
0.10204081632653061 0.4489795918367347
0.10204081632653061 0.46938775510204084
0.10204081632653061 0.4897959183673469
0.10204081632653061 0.5102040816326531
0.10204081632653061 0.5306122448979592
0.10204081632653061 0.5510204081632653
0.10204081632653061 0.5714285714285714
0.10204081632653061 0.5918367346938775
0.10204081632653061 0.6122448979591837
0.10204081632653061 0.6326530612244898
0.10204081632653061 0.6530612244897959
0.10204081632653061 0.673469387755102
0.10204081632653061 0.6938775510204082
0.10204081632653061 0.7142857142857143
0.10204081632653061 0.7346938775510204
0.10204081632653061 0.7551020408163265
0.10204081632653061 0.7755102040816326
0.10204081632653061 0.7959183673469388
0.10204081632653061 0.8163265306122449
0.10204081632653061 0.8367346938775511
0.10204081632653061 0.8571428571428571
0.10204081632653061 0.8775510204081632
0.10204081632653061 0.8979591836734694
0.10204081632653061 0.9183673469387755
0.10204081632653061 0.9387755102040817
0.10204081632653061 0.9591836734693877
0.10204081632653061 0.9795918367346939
0.10204081632653061 1.0
0.12244897959183673 0.0
0.12244897959183673 0.02040816326530612
0.12244897959183673 0.04081632653061224
0.12244897959183673 0.061224489795918366
0.12244897959183673 0.08163265306122448
0.12244897959183673 0.10204081632653061
0.12244897959183673 0.12244897959183673
0.12244897959183673 0.14285714285714285
0.12244897959183673 0.16326530612244897
0.12244897959183673 0.1836734693877551
0.12244897959183673 0.20408163265306123
0.12244897959183673 0.22448979591836735
0.12244897959183673 0.24489795918367346
0.12244897959183673 0.2653061224489796
0.12244897959183673 0.2857142857142857
0.12244897959183673 0.30612244897959184
0.12244897959183673 0.32653061224489793
0.12244897959183673 0.3469387755102041
0.12244897959183673 0.3673469387755102
0.12244897959183673 0.3877551020408163
0.12244897959183673 0.40816326530612246
0.12244897959183673 0.42857142857142855
0.12244897959183673 0.4489795918367347
0.12244897959183673 0.46938775510204084
0.12244897959183673 0.4897959183673469
0.12244897959183673 0.5102040816326531
0.12244897959183673 0.5306122448979592
0.12244897959183673 0.5510204081632653
0.12244897959183673 0.5714285714285714
0.12244897959183673 0.5918367346938775
0.12244897959183673 0.6122448979591837
0.12244897959183673 0.6326530612244898
0.12244897959183673 0.6530612244897959
0.12244897959183673 0.673469387755102
0.12244897959183673 0.6938775510204082
0.12244897959183673 0.7142857142857143
0.12244897959183673 0.7346938775510204
0.12244897959183673 0.7551020408163265
0.12244897959183673 0.7755102040816326
0.12244897959183673 0.7959183673469388
0.12244897959183673 0.8163265306122449
0.12244897959183673 0.8367346938775511
0.12244897959183673 0.8571428571428571
0.12244897959183673 0.8775510204081632
0.12244897959183673 0.8979591836734694
0.12244897959183673 0.9183673469387755
0.12244897959183673 0.9387755102040817
0.12244897959183673 0.9591836734693877
0.12244897959183673 0.9795918367346939
0.12244897959183673 1.0
0.14285714285714285 0.0
0.14285714285714285 0.02040816326530612
0.14285714285714285 0.04081632653061224
0.14285714285714285 0.061224489795918366
0.14285714285714285 0.08163265306122448
0.14285714285714285 0.10204081632653061
0.14285714285714285 0.12244897959183673
0.14285714285714285 0.14285714285714285
0.14285714285714285 0.16326530612244897
0.14285714285714285 0.1836734693877551
0.14285714285714285 0.20408163265306123
0.14285714285714285 0.22448979591836735
0.14285714285714285 0.24489795918367346
0.14285714285714285 0.2653061224489796
0.14285714285714285 0.2857142857142857
0.14285714285714285 0.30612244897959184
0.14285714285714285 0.32653061224489793
0.14285714285714285 0.3469387755102041
0.14285714285714285 0.3673469387755102
0.14285714285714285 0.3877551020408163
0.14285714285714285 0.40816326530612246
0.14285714285714285 0.42857142857142855
0.14285714285714285 0.4489795918367347
0.14285714285714285 0.46938775510204084
0.14285714285714285 0.4897959183673469
0.14285714285714285 0.5102040816326531
0.14285714285714285 0.5306122448979592
0.14285714285714285 0.5510204081632653
0.14285714285714285 0.5714285714285714
0.14285714285714285 0.5918367346938775
0.14285714285714285 0.6122448979591837
0.14285714285714285 0.6326530612244898
0.14285714285714285 0.6530612244897959
0.14285714285714285 0.673469387755102
0.14285714285714285 0.6938775510204082
0.14285714285714285 0.7142857142857143
0.14285714285714285 0.7346938775510204
0.14285714285714285 0.7551020408163265
0.14285714285714285 0.7755102040816326
0.14285714285714285 0.7959183673469388
0.14285714285714285 0.8163265306122449
0.14285714285714285 0.8367346938775511
0.14285714285714285 0.8571428571428571
0.14285714285714285 0.8775510204081632
0.14285714285714285 0.8979591836734694
0.14285714285714285 0.9183673469387755
0.14285714285714285 0.9387755102040817
0.14285714285714285 0.9591836734693877
0.14285714285714285 0.9795918367346939
0.14285714285714285 1.0
0.16326530612244897 0.0
0.16326530612244897 0.02040816326530612
0.16326530612244897 0.04081632653061224
0.16326530612244897 0.061224489795918366
0.16326530612244897 0.08163265306122448
0.16326530612244897 0.10204081632653061
0.16326530612244897 0.12244897959183673
0.16326530612244897 0.14285714285714285
0.16326530612244897 0.16326530612244897
0.16326530612244897 0.1836734693877551
0.16326530612244897 0.20408163265306123
0.16326530612244897 0.22448979591836735
0.16326530612244897 0.24489795918367346
0.16326530612244897 0.2653061224489796
0.16326530612244897 0.2857142857142857
0.16326530612244897 0.30612244897959184
0.16326530612244897 0.32653061224489793
0.16326530612244897 0.3469387755102041
0.16326530612244897 0.3673469387755102
0.16326530612244897 0.3877551020408163
0.16326530612244897 0.40816326530612246
0.16326530612244897 0.42857142857142855
0.16326530612244897 0.4489795918367347
0.16326530612244897 0.46938775510204084
0.16326530612244897 0.4897959183673469
0.16326530612244897 0.5102040816326531
0.16326530612244897 0.5306122448979592
0.16326530612244897 0.5510204081632653
0.16326530612244897 0.5714285714285714
0.16326530612244897 0.5918367346938775
0.16326530612244897 0.6122448979591837
0.16326530612244897 0.6326530612244898
0.16326530612244897 0.6530612244897959
0.16326530612244897 0.673469387755102
0.16326530612244897 0.6938775510204082
0.16326530612244897 0.7142857142857143
0.16326530612244897 0.7346938775510204
0.16326530612244897 0.7551020408163265
0.16326530612244897 0.7755102040816326
0.16326530612244897 0.7959183673469388
0.16326530612244897 0.8163265306122449
0.16326530612244897 0.8367346938775511
0.16326530612244897 0.8571428571428571
0.16326530612244897 0.8775510204081632
0.16326530612244897 0.8979591836734694
0.16326530612244897 0.9183673469387755
0.16326530612244897 0.9387755102040817
0.16326530612244897 0.9591836734693877
0.16326530612244897 0.9795918367346939
0.16326530612244897 1.0
0.1836734693877551 0.0
0.1836734693877551 0.02040816326530612
0.1836734693877551 0.04081632653061224
0.1836734693877551 0.061224489795918366
0.1836734693877551 0.08163265306122448
0.1836734693877551 0.10204081632653061
0.1836734693877551 0.12244897959183673
0.1836734693877551 0.14285714285714285
0.1836734693877551 0.16326530612244897
0.1836734693877551 0.1836734693877551
0.1836734693877551 0.20408163265306123
0.1836734693877551 0.22448979591836735
0.1836734693877551 0.24489795918367346
0.1836734693877551 0.2653061224489796
0.1836734693877551 0.2857142857142857
0.1836734693877551 0.30612244897959184
0.1836734693877551 0.32653061224489793
0.1836734693877551 0.3469387755102041
0.1836734693877551 0.3673469387755102
0.1836734693877551 0.3877551020408163
0.1836734693877551 0.40816326530612246
0.1836734693877551 0.42857142857142855
0.1836734693877551 0.4489795918367347
0.1836734693877551 0.46938775510204084
0.1836734693877551 0.4897959183673469
0.1836734693877551 0.5102040816326531
0.1836734693877551 0.5306122448979592
0.1836734693877551 0.5510204081632653
0.1836734693877551 0.5714285714285714
0.1836734693877551 0.5918367346938775
0.1836734693877551 0.6122448979591837
0.1836734693877551 0.6326530612244898
0.1836734693877551 0.6530612244897959
0.1836734693877551 0.673469387755102
0.1836734693877551 0.6938775510204082
0.1836734693877551 0.7142857142857143
0.1836734693877551 0.7346938775510204
0.1836734693877551 0.7551020408163265
0.1836734693877551 0.7755102040816326
0.1836734693877551 0.7959183673469388
0.1836734693877551 0.8163265306122449
0.1836734693877551 0.8367346938775511
0.1836734693877551 0.8571428571428571
0.1836734693877551 0.8775510204081632
0.1836734693877551 0.8979591836734694
0.1836734693877551 0.9183673469387755
0.1836734693877551 0.9387755102040817
0.1836734693877551 0.9591836734693877
0.1836734693877551 0.9795918367346939
0.1836734693877551 1.0
0.20408163265306123 0.0
0.20408163265306123 0.02040816326530612
0.20408163265306123 0.04081632653061224
0.20408163265306123 0.061224489795918366
0.20408163265306123 0.08163265306122448
0.20408163265306123 0.10204081632653061
0.20408163265306123 0.12244897959183673
0.20408163265306123 0.14285714285714285
0.20408163265306123 0.16326530612244897
0.20408163265306123 0.1836734693877551
0.20408163265306123 0.20408163265306123
0.20408163265306123 0.22448979591836735
0.20408163265306123 0.24489795918367346
0.20408163265306123 0.2653061224489796
0.20408163265306123 0.2857142857142857
0.20408163265306123 0.30612244897959184
0.20408163265306123 0.32653061224489793
0.20408163265306123 0.3469387755102041
0.20408163265306123 0.3673469387755102
0.20408163265306123 0.3877551020408163
0.20408163265306123 0.40816326530612246
0.20408163265306123 0.42857142857142855
0.20408163265306123 0.4489795918367347
0.20408163265306123 0.46938775510204084
0.20408163265306123 0.4897959183673469
0.20408163265306123 0.5102040816326531
0.20408163265306123 0.5306122448979592
0.20408163265306123 0.5510204081632653
0.20408163265306123 0.5714285714285714
0.20408163265306123 0.5918367346938775
0.20408163265306123 0.6122448979591837
0.20408163265306123 0.6326530612244898
0.20408163265306123 0.6530612244897959
0.20408163265306123 0.673469387755102
0.20408163265306123 0.6938775510204082
0.20408163265306123 0.7142857142857143
0.20408163265306123 0.7346938775510204
0.20408163265306123 0.7551020408163265
0.20408163265306123 0.7755102040816326
0.20408163265306123 0.7959183673469388
0.20408163265306123 0.8163265306122449
0.20408163265306123 0.8367346938775511
0.20408163265306123 0.8571428571428571
0.20408163265306123 0.8775510204081632
0.20408163265306123 0.8979591836734694
0.20408163265306123 0.9183673469387755
0.20408163265306123 0.9387755102040817
0.20408163265306123 0.9591836734693877
0.20408163265306123 0.9795918367346939
0.20408163265306123 1.0
0.22448979591836735 0.0
0.22448979591836735 0.02040816326530612
0.22448979591836735 0.04081632653061224
0.22448979591836735 0.061224489795918366
0.22448979591836735 0.08163265306122448
0.22448979591836735 0.10204081632653061
0.22448979591836735 0.12244897959183673
0.22448979591836735 0.14285714285714285
0.22448979591836735 0.16326530612244897
0.22448979591836735 0.1836734693877551
0.22448979591836735 0.20408163265306123
0.22448979591836735 0.22448979591836735
0.22448979591836735 0.24489795918367346
0.22448979591836735 0.2653061224489796
0.22448979591836735 0.2857142857142857
0.22448979591836735 0.30612244897959184
0.22448979591836735 0.32653061224489793
0.22448979591836735 0.3469387755102041
0.22448979591836735 0.3673469387755102
0.22448979591836735 0.3877551020408163
0.22448979591836735 0.40816326530612246
0.22448979591836735 0.42857142857142855
0.22448979591836735 0.4489795918367347
0.22448979591836735 0.46938775510204084
0.22448979591836735 0.4897959183673469
0.22448979591836735 0.5102040816326531
0.22448979591836735 0.5306122448979592
0.22448979591836735 0.5510204081632653
0.22448979591836735 0.5714285714285714
0.22448979591836735 0.5918367346938775
0.22448979591836735 0.6122448979591837
0.22448979591836735 0.6326530612244898
0.22448979591836735 0.6530612244897959
0.22448979591836735 0.673469387755102
0.22448979591836735 0.6938775510204082
0.22448979591836735 0.7142857142857143
0.22448979591836735 0.7346938775510204
0.22448979591836735 0.7551020408163265
0.22448979591836735 0.7755102040816326
0.22448979591836735 0.7959183673469388
0.22448979591836735 0.8163265306122449
0.22448979591836735 0.8367346938775511
0.22448979591836735 0.8571428571428571
0.22448979591836735 0.8775510204081632
0.22448979591836735 0.8979591836734694
0.22448979591836735 0.9183673469387755
0.22448979591836735 0.9387755102040817
0.22448979591836735 0.9591836734693877
0.22448979591836735 0.9795918367346939
0.22448979591836735 1.0
0.24489795918367346 0.0
0.24489795918367346 0.02040816326530612
0.24489795918367346 0.04081632653061224
0.24489795918367346 0.061224489795918366
0.24489795918367346 0.08163265306122448
0.24489795918367346 0.10204081632653061
0.24489795918367346 0.12244897959183673
0.24489795918367346 0.14285714285714285
0.24489795918367346 0.16326530612244897
0.24489795918367346 0.1836734693877551
0.24489795918367346 0.20408163265306123
0.24489795918367346 0.22448979591836735
0.24489795918367346 0.24489795918367346
0.24489795918367346 0.2653061224489796
0.24489795918367346 0.2857142857142857
0.24489795918367346 0.30612244897959184
0.24489795918367346 0.32653061224489793
0.24489795918367346 0.3469387755102041
0.24489795918367346 0.3673469387755102
0.24489795918367346 0.3877551020408163
0.24489795918367346 0.40816326530612246
0.24489795918367346 0.42857142857142855
0.24489795918367346 0.4489795918367347
0.24489795918367346 0.46938775510204084
0.24489795918367346 0.4897959183673469
0.24489795918367346 0.5102040816326531
0.24489795918367346 0.5306122448979592
0.24489795918367346 0.5510204081632653
0.24489795918367346 0.5714285714285714
0.24489795918367346 0.5918367346938775
0.24489795918367346 0.6122448979591837
0.24489795918367346 0.6326530612244898
0.24489795918367346 0.6530612244897959
0.24489795918367346 0.673469387755102
0.24489795918367346 0.6938775510204082
0.24489795918367346 0.7142857142857143
0.24489795918367346 0.7346938775510204
0.24489795918367346 0.7551020408163265
0.24489795918367346 0.7755102040816326
0.24489795918367346 0.7959183673469388
0.24489795918367346 0.8163265306122449
0.24489795918367346 0.8367346938775511
0.24489795918367346 0.8571428571428571
0.24489795918367346 0.8775510204081632
0.24489795918367346 0.8979591836734694
0.24489795918367346 0.9183673469387755
0.24489795918367346 0.9387755102040817
0.24489795918367346 0.9591836734693877
0.24489795918367346 0.9795918367346939
0.24489795918367346 1.0
0.2653061224489796 0.0
0.2653061224489796 0.02040816326530612
0.2653061224489796 0.04081632653061224
0.2653061224489796 0.061224489795918366
0.2653061224489796 0.08163265306122448
0.2653061224489796 0.10204081632653061
0.2653061224489796 0.12244897959183673
0.2653061224489796 0.14285714285714285
0.2653061224489796 0.16326530612244897
0.2653061224489796 0.1836734693877551
0.2653061224489796 0.20408163265306123
0.2653061224489796 0.22448979591836735
0.2653061224489796 0.24489795918367346
0.2653061224489796 0.2653061224489796
0.2653061224489796 0.2857142857142857
0.2653061224489796 0.30612244897959184
0.2653061224489796 0.32653061224489793
0.2653061224489796 0.3469387755102041
0.2653061224489796 0.3673469387755102
0.2653061224489796 0.3877551020408163
0.2653061224489796 0.40816326530612246
0.2653061224489796 0.42857142857142855
0.2653061224489796 0.4489795918367347
0.2653061224489796 0.46938775510204084
0.2653061224489796 0.4897959183673469
0.2653061224489796 0.5102040816326531
0.2653061224489796 0.5306122448979592
0.2653061224489796 0.5510204081632653
0.2653061224489796 0.5714285714285714
0.2653061224489796 0.5918367346938775
0.2653061224489796 0.6122448979591837
0.2653061224489796 0.6326530612244898
0.2653061224489796 0.6530612244897959
0.2653061224489796 0.673469387755102
0.2653061224489796 0.6938775510204082
0.2653061224489796 0.7142857142857143
0.2653061224489796 0.7346938775510204
0.2653061224489796 0.7551020408163265
0.2653061224489796 0.7755102040816326
0.2653061224489796 0.7959183673469388
0.2653061224489796 0.8163265306122449
0.2653061224489796 0.8367346938775511
0.2653061224489796 0.8571428571428571
0.2653061224489796 0.8775510204081632
0.2653061224489796 0.8979591836734694
0.2653061224489796 0.9183673469387755
0.2653061224489796 0.9387755102040817
0.2653061224489796 0.9591836734693877
0.2653061224489796 0.9795918367346939
0.2653061224489796 1.0
0.2857142857142857 0.0
0.2857142857142857 0.02040816326530612
0.2857142857142857 0.04081632653061224
0.2857142857142857 0.061224489795918366
0.2857142857142857 0.08163265306122448
0.2857142857142857 0.10204081632653061
0.2857142857142857 0.12244897959183673
0.2857142857142857 0.14285714285714285
0.2857142857142857 0.16326530612244897
0.2857142857142857 0.1836734693877551
0.2857142857142857 0.20408163265306123
0.2857142857142857 0.22448979591836735
0.2857142857142857 0.24489795918367346
0.2857142857142857 0.2653061224489796
0.2857142857142857 0.2857142857142857
0.2857142857142857 0.30612244897959184
0.2857142857142857 0.32653061224489793
0.2857142857142857 0.3469387755102041
0.2857142857142857 0.3673469387755102
0.2857142857142857 0.3877551020408163
0.2857142857142857 0.40816326530612246
0.2857142857142857 0.42857142857142855
0.2857142857142857 0.4489795918367347
0.2857142857142857 0.46938775510204084
0.2857142857142857 0.4897959183673469
0.2857142857142857 0.5102040816326531
0.2857142857142857 0.5306122448979592
0.2857142857142857 0.5510204081632653
0.2857142857142857 0.5714285714285714
0.2857142857142857 0.5918367346938775
0.2857142857142857 0.6122448979591837
0.2857142857142857 0.6326530612244898
0.2857142857142857 0.6530612244897959
0.2857142857142857 0.673469387755102
0.2857142857142857 0.6938775510204082
0.2857142857142857 0.7142857142857143
0.2857142857142857 0.7346938775510204
0.2857142857142857 0.7551020408163265
0.2857142857142857 0.7755102040816326
0.2857142857142857 0.7959183673469388
0.2857142857142857 0.8163265306122449
0.2857142857142857 0.8367346938775511
0.2857142857142857 0.8571428571428571
0.2857142857142857 0.8775510204081632
0.2857142857142857 0.8979591836734694
0.2857142857142857 0.9183673469387755
0.2857142857142857 0.9387755102040817
0.2857142857142857 0.9591836734693877
0.2857142857142857 0.9795918367346939
0.2857142857142857 1.0
0.30612244897959184 0.0
0.30612244897959184 0.02040816326530612
0.30612244897959184 0.04081632653061224
0.30612244897959184 0.061224489795918366
0.30612244897959184 0.08163265306122448
0.30612244897959184 0.10204081632653061
0.30612244897959184 0.12244897959183673
0.30612244897959184 0.14285714285714285
0.30612244897959184 0.16326530612244897
0.30612244897959184 0.1836734693877551
0.30612244897959184 0.20408163265306123
0.30612244897959184 0.22448979591836735
0.30612244897959184 0.24489795918367346
0.30612244897959184 0.2653061224489796
0.30612244897959184 0.2857142857142857
0.30612244897959184 0.30612244897959184
0.30612244897959184 0.32653061224489793
0.30612244897959184 0.3469387755102041
0.30612244897959184 0.3673469387755102
0.30612244897959184 0.3877551020408163
0.30612244897959184 0.40816326530612246
0.30612244897959184 0.42857142857142855
0.30612244897959184 0.4489795918367347
0.30612244897959184 0.46938775510204084
0.30612244897959184 0.4897959183673469
0.30612244897959184 0.5102040816326531
0.30612244897959184 0.5306122448979592
0.30612244897959184 0.5510204081632653
0.30612244897959184 0.5714285714285714
0.30612244897959184 0.5918367346938775
0.30612244897959184 0.6122448979591837
0.30612244897959184 0.6326530612244898
0.30612244897959184 0.6530612244897959
0.30612244897959184 0.673469387755102
0.30612244897959184 0.6938775510204082
0.30612244897959184 0.7142857142857143
0.30612244897959184 0.7346938775510204
0.30612244897959184 0.7551020408163265
0.30612244897959184 0.7755102040816326
0.30612244897959184 0.7959183673469388
0.30612244897959184 0.8163265306122449
0.30612244897959184 0.8367346938775511
0.30612244897959184 0.8571428571428571
0.30612244897959184 0.8775510204081632
0.30612244897959184 0.8979591836734694
0.30612244897959184 0.9183673469387755
0.30612244897959184 0.9387755102040817
0.30612244897959184 0.9591836734693877
0.30612244897959184 0.9795918367346939
0.30612244897959184 1.0
0.32653061224489793 0.0
0.32653061224489793 0.02040816326530612
0.32653061224489793 0.04081632653061224
0.32653061224489793 0.061224489795918366
0.32653061224489793 0.08163265306122448
0.32653061224489793 0.10204081632653061
0.32653061224489793 0.12244897959183673
0.32653061224489793 0.14285714285714285
0.32653061224489793 0.16326530612244897
0.32653061224489793 0.1836734693877551
0.32653061224489793 0.20408163265306123
0.32653061224489793 0.22448979591836735
0.32653061224489793 0.24489795918367346
0.32653061224489793 0.2653061224489796
0.32653061224489793 0.2857142857142857
0.32653061224489793 0.30612244897959184
0.32653061224489793 0.32653061224489793
0.32653061224489793 0.3469387755102041
0.32653061224489793 0.3673469387755102
0.32653061224489793 0.3877551020408163
0.32653061224489793 0.40816326530612246
0.32653061224489793 0.42857142857142855
0.32653061224489793 0.4489795918367347
0.32653061224489793 0.46938775510204084
0.32653061224489793 0.4897959183673469
0.32653061224489793 0.5102040816326531
0.32653061224489793 0.5306122448979592
0.32653061224489793 0.5510204081632653
0.32653061224489793 0.5714285714285714
0.32653061224489793 0.5918367346938775
0.32653061224489793 0.6122448979591837
0.32653061224489793 0.6326530612244898
0.32653061224489793 0.6530612244897959
0.32653061224489793 0.673469387755102
0.32653061224489793 0.6938775510204082
0.32653061224489793 0.7142857142857143
0.32653061224489793 0.7346938775510204
0.32653061224489793 0.7551020408163265
0.32653061224489793 0.7755102040816326
0.32653061224489793 0.7959183673469388
0.32653061224489793 0.8163265306122449
0.32653061224489793 0.8367346938775511
0.32653061224489793 0.8571428571428571
0.32653061224489793 0.8775510204081632
0.32653061224489793 0.8979591836734694
0.32653061224489793 0.9183673469387755
0.32653061224489793 0.9387755102040817
0.32653061224489793 0.9591836734693877
0.32653061224489793 0.9795918367346939
0.32653061224489793 1.0
0.3469387755102041 0.0
0.3469387755102041 0.02040816326530612
0.3469387755102041 0.04081632653061224
0.3469387755102041 0.061224489795918366
0.3469387755102041 0.08163265306122448
0.3469387755102041 0.10204081632653061
0.3469387755102041 0.12244897959183673
0.3469387755102041 0.14285714285714285
0.3469387755102041 0.16326530612244897
0.3469387755102041 0.1836734693877551
0.3469387755102041 0.20408163265306123
0.3469387755102041 0.22448979591836735
0.3469387755102041 0.24489795918367346
0.3469387755102041 0.2653061224489796
0.3469387755102041 0.2857142857142857
0.3469387755102041 0.30612244897959184
0.3469387755102041 0.32653061224489793
0.3469387755102041 0.3469387755102041
0.3469387755102041 0.3673469387755102
0.3469387755102041 0.3877551020408163
0.3469387755102041 0.40816326530612246
0.3469387755102041 0.42857142857142855
0.3469387755102041 0.4489795918367347
0.3469387755102041 0.46938775510204084
0.3469387755102041 0.4897959183673469
0.3469387755102041 0.5102040816326531
0.3469387755102041 0.5306122448979592
0.3469387755102041 0.5510204081632653
0.3469387755102041 0.5714285714285714
0.3469387755102041 0.5918367346938775
0.3469387755102041 0.6122448979591837
0.3469387755102041 0.6326530612244898
0.3469387755102041 0.6530612244897959
0.3469387755102041 0.673469387755102
0.3469387755102041 0.6938775510204082
0.3469387755102041 0.7142857142857143
0.3469387755102041 0.7346938775510204
0.3469387755102041 0.7551020408163265
0.3469387755102041 0.7755102040816326
0.3469387755102041 0.7959183673469388
0.3469387755102041 0.8163265306122449
0.3469387755102041 0.8367346938775511
0.3469387755102041 0.8571428571428571
0.3469387755102041 0.8775510204081632
0.3469387755102041 0.8979591836734694
0.3469387755102041 0.9183673469387755
0.3469387755102041 0.9387755102040817
0.3469387755102041 0.9591836734693877
0.3469387755102041 0.9795918367346939
0.3469387755102041 1.0
0.3673469387755102 0.0
0.3673469387755102 0.02040816326530612
0.3673469387755102 0.04081632653061224
0.3673469387755102 0.061224489795918366
0.3673469387755102 0.08163265306122448
0.3673469387755102 0.10204081632653061
0.3673469387755102 0.12244897959183673
0.3673469387755102 0.14285714285714285
0.3673469387755102 0.16326530612244897
0.3673469387755102 0.1836734693877551
0.3673469387755102 0.20408163265306123
0.3673469387755102 0.22448979591836735
0.3673469387755102 0.24489795918367346
0.3673469387755102 0.2653061224489796
0.3673469387755102 0.2857142857142857
0.3673469387755102 0.30612244897959184
0.3673469387755102 0.32653061224489793
0.3673469387755102 0.3469387755102041
0.3673469387755102 0.3673469387755102
0.3673469387755102 0.3877551020408163
0.3673469387755102 0.40816326530612246
0.3673469387755102 0.42857142857142855
0.3673469387755102 0.4489795918367347
0.3673469387755102 0.46938775510204084
0.3673469387755102 0.4897959183673469
0.3673469387755102 0.5102040816326531
0.3673469387755102 0.5306122448979592
0.3673469387755102 0.5510204081632653
0.3673469387755102 0.5714285714285714
0.3673469387755102 0.5918367346938775
0.3673469387755102 0.6122448979591837
0.3673469387755102 0.6326530612244898
0.3673469387755102 0.6530612244897959
0.3673469387755102 0.673469387755102
0.3673469387755102 0.6938775510204082
0.3673469387755102 0.7142857142857143
0.3673469387755102 0.7346938775510204
0.3673469387755102 0.7551020408163265
0.3673469387755102 0.7755102040816326
0.3673469387755102 0.7959183673469388
0.3673469387755102 0.8163265306122449
0.3673469387755102 0.8367346938775511
0.3673469387755102 0.8571428571428571
0.3673469387755102 0.8775510204081632
0.3673469387755102 0.8979591836734694
0.3673469387755102 0.9183673469387755
0.3673469387755102 0.9387755102040817
0.3673469387755102 0.9591836734693877
0.3673469387755102 0.9795918367346939
0.3673469387755102 1.0
0.3877551020408163 0.0
0.3877551020408163 0.02040816326530612
0.3877551020408163 0.04081632653061224
0.3877551020408163 0.061224489795918366
0.3877551020408163 0.08163265306122448
0.3877551020408163 0.10204081632653061
0.3877551020408163 0.12244897959183673
0.3877551020408163 0.14285714285714285
0.3877551020408163 0.16326530612244897
0.3877551020408163 0.1836734693877551
0.3877551020408163 0.20408163265306123
0.3877551020408163 0.22448979591836735
0.3877551020408163 0.24489795918367346
0.3877551020408163 0.2653061224489796
0.3877551020408163 0.2857142857142857
0.3877551020408163 0.30612244897959184
0.3877551020408163 0.32653061224489793
0.3877551020408163 0.3469387755102041
0.3877551020408163 0.3673469387755102
0.3877551020408163 0.3877551020408163
0.3877551020408163 0.40816326530612246
0.3877551020408163 0.42857142857142855
0.3877551020408163 0.4489795918367347
0.3877551020408163 0.46938775510204084
0.3877551020408163 0.4897959183673469
0.3877551020408163 0.5102040816326531
0.3877551020408163 0.5306122448979592
0.3877551020408163 0.5510204081632653
0.3877551020408163 0.5714285714285714
0.3877551020408163 0.5918367346938775
0.3877551020408163 0.6122448979591837
0.3877551020408163 0.6326530612244898
0.3877551020408163 0.6530612244897959
0.3877551020408163 0.673469387755102
0.3877551020408163 0.6938775510204082
0.3877551020408163 0.7142857142857143
0.3877551020408163 0.7346938775510204
0.3877551020408163 0.7551020408163265
0.3877551020408163 0.7755102040816326
0.3877551020408163 0.7959183673469388
0.3877551020408163 0.8163265306122449
0.3877551020408163 0.8367346938775511
0.3877551020408163 0.8571428571428571
0.3877551020408163 0.8775510204081632
0.3877551020408163 0.8979591836734694
0.3877551020408163 0.9183673469387755
0.3877551020408163 0.9387755102040817
0.3877551020408163 0.9591836734693877
0.3877551020408163 0.9795918367346939
0.3877551020408163 1.0
0.40816326530612246 0.0
0.40816326530612246 0.02040816326530612
0.40816326530612246 0.04081632653061224
0.40816326530612246 0.061224489795918366
0.40816326530612246 0.08163265306122448
0.40816326530612246 0.10204081632653061
0.40816326530612246 0.12244897959183673
0.40816326530612246 0.14285714285714285
0.40816326530612246 0.16326530612244897
0.40816326530612246 0.1836734693877551
0.40816326530612246 0.20408163265306123
0.40816326530612246 0.22448979591836735
0.40816326530612246 0.24489795918367346
0.40816326530612246 0.2653061224489796
0.40816326530612246 0.2857142857142857
0.40816326530612246 0.30612244897959184
0.40816326530612246 0.32653061224489793
0.40816326530612246 0.3469387755102041
0.40816326530612246 0.3673469387755102
0.40816326530612246 0.3877551020408163
0.40816326530612246 0.40816326530612246
0.40816326530612246 0.42857142857142855
0.40816326530612246 0.4489795918367347
0.40816326530612246 0.46938775510204084
0.40816326530612246 0.4897959183673469
0.40816326530612246 0.5102040816326531
0.40816326530612246 0.5306122448979592
0.40816326530612246 0.5510204081632653
0.40816326530612246 0.5714285714285714
0.40816326530612246 0.5918367346938775
0.40816326530612246 0.6122448979591837
0.40816326530612246 0.6326530612244898
0.40816326530612246 0.6530612244897959
0.40816326530612246 0.673469387755102
0.40816326530612246 0.6938775510204082
0.40816326530612246 0.7142857142857143
0.40816326530612246 0.7346938775510204
0.40816326530612246 0.7551020408163265
0.40816326530612246 0.7755102040816326
0.40816326530612246 0.7959183673469388
0.40816326530612246 0.8163265306122449
0.40816326530612246 0.8367346938775511
0.40816326530612246 0.8571428571428571
0.40816326530612246 0.8775510204081632
0.40816326530612246 0.8979591836734694
0.40816326530612246 0.9183673469387755
0.40816326530612246 0.9387755102040817
0.40816326530612246 0.9591836734693877
0.40816326530612246 0.9795918367346939
0.40816326530612246 1.0
0.42857142857142855 0.0
0.42857142857142855 0.02040816326530612
0.42857142857142855 0.04081632653061224
0.42857142857142855 0.061224489795918366
0.42857142857142855 0.08163265306122448
0.42857142857142855 0.10204081632653061
0.42857142857142855 0.12244897959183673
0.42857142857142855 0.14285714285714285
0.42857142857142855 0.16326530612244897
0.42857142857142855 0.1836734693877551
0.42857142857142855 0.20408163265306123
0.42857142857142855 0.22448979591836735
0.42857142857142855 0.24489795918367346
0.42857142857142855 0.2653061224489796
0.42857142857142855 0.2857142857142857
0.42857142857142855 0.30612244897959184
0.42857142857142855 0.32653061224489793
0.42857142857142855 0.3469387755102041
0.42857142857142855 0.3673469387755102
0.42857142857142855 0.3877551020408163
0.42857142857142855 0.40816326530612246
0.42857142857142855 0.42857142857142855
0.42857142857142855 0.4489795918367347
0.42857142857142855 0.46938775510204084
0.42857142857142855 0.4897959183673469
0.42857142857142855 0.5102040816326531
0.42857142857142855 0.5306122448979592
0.42857142857142855 0.5510204081632653
0.42857142857142855 0.5714285714285714
0.42857142857142855 0.5918367346938775
0.42857142857142855 0.6122448979591837
0.42857142857142855 0.6326530612244898
0.42857142857142855 0.6530612244897959
0.42857142857142855 0.673469387755102
0.42857142857142855 0.6938775510204082
0.42857142857142855 0.7142857142857143
0.42857142857142855 0.7346938775510204
0.42857142857142855 0.7551020408163265
0.42857142857142855 0.7755102040816326
0.42857142857142855 0.7959183673469388
0.42857142857142855 0.8163265306122449
0.42857142857142855 0.8367346938775511
0.42857142857142855 0.8571428571428571
0.42857142857142855 0.8775510204081632
0.42857142857142855 0.8979591836734694
0.42857142857142855 0.9183673469387755
0.42857142857142855 0.9387755102040817
0.42857142857142855 0.9591836734693877
0.42857142857142855 0.9795918367346939
0.42857142857142855 1.0
0.4489795918367347 0.0
0.4489795918367347 0.02040816326530612
0.4489795918367347 0.04081632653061224
0.4489795918367347 0.061224489795918366
0.4489795918367347 0.08163265306122448
0.4489795918367347 0.10204081632653061
0.4489795918367347 0.12244897959183673
0.4489795918367347 0.14285714285714285
0.4489795918367347 0.16326530612244897
0.4489795918367347 0.1836734693877551
0.4489795918367347 0.20408163265306123
0.4489795918367347 0.22448979591836735
0.4489795918367347 0.24489795918367346
0.4489795918367347 0.2653061224489796
0.4489795918367347 0.2857142857142857
0.4489795918367347 0.30612244897959184
0.4489795918367347 0.32653061224489793
0.4489795918367347 0.3469387755102041
0.4489795918367347 0.3673469387755102
0.4489795918367347 0.3877551020408163
0.4489795918367347 0.40816326530612246
0.4489795918367347 0.42857142857142855
0.4489795918367347 0.4489795918367347
0.4489795918367347 0.46938775510204084
0.4489795918367347 0.4897959183673469
0.4489795918367347 0.5102040816326531
0.4489795918367347 0.5306122448979592
0.4489795918367347 0.5510204081632653
0.4489795918367347 0.5714285714285714
0.4489795918367347 0.5918367346938775
0.4489795918367347 0.6122448979591837
0.4489795918367347 0.6326530612244898
0.4489795918367347 0.6530612244897959
0.4489795918367347 0.673469387755102
0.4489795918367347 0.6938775510204082
0.4489795918367347 0.7142857142857143
0.4489795918367347 0.7346938775510204
0.4489795918367347 0.7551020408163265
0.4489795918367347 0.7755102040816326
0.4489795918367347 0.7959183673469388
0.4489795918367347 0.8163265306122449
0.4489795918367347 0.8367346938775511
0.4489795918367347 0.8571428571428571
0.4489795918367347 0.8775510204081632
0.4489795918367347 0.8979591836734694
0.4489795918367347 0.9183673469387755
0.4489795918367347 0.9387755102040817
0.4489795918367347 0.9591836734693877
0.4489795918367347 0.9795918367346939
0.4489795918367347 1.0
0.46938775510204084 0.0
0.46938775510204084 0.02040816326530612
0.46938775510204084 0.04081632653061224
0.46938775510204084 0.061224489795918366
0.46938775510204084 0.08163265306122448
0.46938775510204084 0.10204081632653061
0.46938775510204084 0.12244897959183673
0.46938775510204084 0.14285714285714285
0.46938775510204084 0.16326530612244897
0.46938775510204084 0.1836734693877551
0.46938775510204084 0.20408163265306123
0.46938775510204084 0.22448979591836735
0.46938775510204084 0.24489795918367346
0.46938775510204084 0.2653061224489796
0.46938775510204084 0.2857142857142857
0.46938775510204084 0.30612244897959184
0.46938775510204084 0.32653061224489793
0.46938775510204084 0.3469387755102041
0.46938775510204084 0.3673469387755102
0.46938775510204084 0.3877551020408163
0.46938775510204084 0.40816326530612246
0.46938775510204084 0.42857142857142855
0.46938775510204084 0.4489795918367347
0.46938775510204084 0.46938775510204084
0.46938775510204084 0.4897959183673469
0.46938775510204084 0.5102040816326531
0.46938775510204084 0.5306122448979592
0.46938775510204084 0.5510204081632653
0.46938775510204084 0.5714285714285714
0.46938775510204084 0.5918367346938775
0.46938775510204084 0.6122448979591837
0.46938775510204084 0.6326530612244898
0.46938775510204084 0.6530612244897959
0.46938775510204084 0.673469387755102
0.46938775510204084 0.6938775510204082
0.46938775510204084 0.7142857142857143
0.46938775510204084 0.7346938775510204
0.46938775510204084 0.7551020408163265
0.46938775510204084 0.7755102040816326
0.46938775510204084 0.7959183673469388
0.46938775510204084 0.8163265306122449
0.46938775510204084 0.8367346938775511
0.46938775510204084 0.8571428571428571
0.46938775510204084 0.8775510204081632
0.46938775510204084 0.8979591836734694
0.46938775510204084 0.9183673469387755
0.46938775510204084 0.9387755102040817
0.46938775510204084 0.9591836734693877
0.46938775510204084 0.9795918367346939
0.46938775510204084 1.0
0.4897959183673469 0.0
0.4897959183673469 0.02040816326530612
0.4897959183673469 0.04081632653061224
0.4897959183673469 0.061224489795918366
0.4897959183673469 0.08163265306122448
0.4897959183673469 0.10204081632653061
0.4897959183673469 0.12244897959183673
0.4897959183673469 0.14285714285714285
0.4897959183673469 0.16326530612244897
0.4897959183673469 0.1836734693877551
0.4897959183673469 0.20408163265306123
0.4897959183673469 0.22448979591836735
0.4897959183673469 0.24489795918367346
0.4897959183673469 0.2653061224489796
0.4897959183673469 0.2857142857142857
0.4897959183673469 0.30612244897959184
0.4897959183673469 0.32653061224489793
0.4897959183673469 0.3469387755102041
0.4897959183673469 0.3673469387755102
0.4897959183673469 0.3877551020408163
0.4897959183673469 0.40816326530612246
0.4897959183673469 0.42857142857142855
0.4897959183673469 0.4489795918367347
0.4897959183673469 0.46938775510204084
0.4897959183673469 0.4897959183673469
0.4897959183673469 0.5102040816326531
0.4897959183673469 0.5306122448979592
0.4897959183673469 0.5510204081632653
0.4897959183673469 0.5714285714285714
0.4897959183673469 0.5918367346938775
0.4897959183673469 0.6122448979591837
0.4897959183673469 0.6326530612244898
0.4897959183673469 0.6530612244897959
0.4897959183673469 0.673469387755102
0.4897959183673469 0.6938775510204082
0.4897959183673469 0.7142857142857143
0.4897959183673469 0.7346938775510204
0.4897959183673469 0.7551020408163265
0.4897959183673469 0.7755102040816326
0.4897959183673469 0.7959183673469388
0.4897959183673469 0.8163265306122449
0.4897959183673469 0.8367346938775511
0.4897959183673469 0.8571428571428571
0.4897959183673469 0.8775510204081632
0.4897959183673469 0.8979591836734694
0.4897959183673469 0.9183673469387755
0.4897959183673469 0.9387755102040817
0.4897959183673469 0.9591836734693877
0.4897959183673469 0.9795918367346939
0.4897959183673469 1.0
0.5102040816326531 0.0
0.5102040816326531 0.02040816326530612
0.5102040816326531 0.04081632653061224
0.5102040816326531 0.061224489795918366
0.5102040816326531 0.08163265306122448
0.5102040816326531 0.10204081632653061
0.5102040816326531 0.12244897959183673
0.5102040816326531 0.14285714285714285
0.5102040816326531 0.16326530612244897
0.5102040816326531 0.1836734693877551
0.5102040816326531 0.20408163265306123
0.5102040816326531 0.22448979591836735
0.5102040816326531 0.24489795918367346
0.5102040816326531 0.2653061224489796
0.5102040816326531 0.2857142857142857
0.5102040816326531 0.30612244897959184
0.5102040816326531 0.32653061224489793
0.5102040816326531 0.3469387755102041
0.5102040816326531 0.3673469387755102
0.5102040816326531 0.3877551020408163
0.5102040816326531 0.40816326530612246
0.5102040816326531 0.42857142857142855
0.5102040816326531 0.4489795918367347
0.5102040816326531 0.46938775510204084
0.5102040816326531 0.4897959183673469
0.5102040816326531 0.5102040816326531
0.5102040816326531 0.5306122448979592
0.5102040816326531 0.5510204081632653
0.5102040816326531 0.5714285714285714
0.5102040816326531 0.5918367346938775
0.5102040816326531 0.6122448979591837
0.5102040816326531 0.6326530612244898
0.5102040816326531 0.6530612244897959
0.5102040816326531 0.673469387755102
0.5102040816326531 0.6938775510204082
0.5102040816326531 0.7142857142857143
0.5102040816326531 0.7346938775510204
0.5102040816326531 0.7551020408163265
0.5102040816326531 0.7755102040816326
0.5102040816326531 0.7959183673469388
0.5102040816326531 0.8163265306122449
0.5102040816326531 0.8367346938775511
0.5102040816326531 0.8571428571428571
0.5102040816326531 0.8775510204081632
0.5102040816326531 0.8979591836734694
0.5102040816326531 0.9183673469387755
0.5102040816326531 0.9387755102040817
0.5102040816326531 0.9591836734693877
0.5102040816326531 0.9795918367346939
0.5102040816326531 1.0
0.5306122448979592 0.0
0.5306122448979592 0.02040816326530612
0.5306122448979592 0.04081632653061224
0.5306122448979592 0.061224489795918366
0.5306122448979592 0.08163265306122448
0.5306122448979592 0.10204081632653061
0.5306122448979592 0.12244897959183673
0.5306122448979592 0.14285714285714285
0.5306122448979592 0.16326530612244897
0.5306122448979592 0.1836734693877551
0.5306122448979592 0.20408163265306123
0.5306122448979592 0.22448979591836735
0.5306122448979592 0.24489795918367346
0.5306122448979592 0.2653061224489796
0.5306122448979592 0.2857142857142857
0.5306122448979592 0.30612244897959184
0.5306122448979592 0.32653061224489793
0.5306122448979592 0.3469387755102041
0.5306122448979592 0.3673469387755102
0.5306122448979592 0.3877551020408163
0.5306122448979592 0.40816326530612246
0.5306122448979592 0.42857142857142855
0.5306122448979592 0.4489795918367347
0.5306122448979592 0.46938775510204084
0.5306122448979592 0.4897959183673469
0.5306122448979592 0.5102040816326531
0.5306122448979592 0.5306122448979592
0.5306122448979592 0.5510204081632653
0.5306122448979592 0.5714285714285714
0.5306122448979592 0.5918367346938775
0.5306122448979592 0.6122448979591837
0.5306122448979592 0.6326530612244898
0.5306122448979592 0.6530612244897959
0.5306122448979592 0.673469387755102
0.5306122448979592 0.6938775510204082
0.5306122448979592 0.7142857142857143
0.5306122448979592 0.7346938775510204
0.5306122448979592 0.7551020408163265
0.5306122448979592 0.7755102040816326
0.5306122448979592 0.7959183673469388
0.5306122448979592 0.8163265306122449
0.5306122448979592 0.8367346938775511
0.5306122448979592 0.8571428571428571
0.5306122448979592 0.8775510204081632
0.5306122448979592 0.8979591836734694
0.5306122448979592 0.9183673469387755
0.5306122448979592 0.9387755102040817
0.5306122448979592 0.9591836734693877
0.5306122448979592 0.9795918367346939
0.5306122448979592 1.0
0.5510204081632653 0.0
0.5510204081632653 0.02040816326530612
0.5510204081632653 0.04081632653061224
0.5510204081632653 0.061224489795918366
0.5510204081632653 0.08163265306122448
0.5510204081632653 0.10204081632653061
0.5510204081632653 0.12244897959183673
0.5510204081632653 0.14285714285714285
0.5510204081632653 0.16326530612244897
0.5510204081632653 0.1836734693877551
0.5510204081632653 0.20408163265306123
0.5510204081632653 0.22448979591836735
0.5510204081632653 0.24489795918367346
0.5510204081632653 0.2653061224489796
0.5510204081632653 0.2857142857142857
0.5510204081632653 0.30612244897959184
0.5510204081632653 0.32653061224489793
0.5510204081632653 0.3469387755102041
0.5510204081632653 0.3673469387755102
0.5510204081632653 0.3877551020408163
0.5510204081632653 0.40816326530612246
0.5510204081632653 0.42857142857142855
0.5510204081632653 0.4489795918367347
0.5510204081632653 0.46938775510204084
0.5510204081632653 0.4897959183673469
0.5510204081632653 0.5102040816326531
0.5510204081632653 0.5306122448979592
0.5510204081632653 0.5510204081632653
0.5510204081632653 0.5714285714285714
0.5510204081632653 0.5918367346938775
0.5510204081632653 0.6122448979591837
0.5510204081632653 0.6326530612244898
0.5510204081632653 0.6530612244897959
0.5510204081632653 0.673469387755102
0.5510204081632653 0.6938775510204082
0.5510204081632653 0.7142857142857143
0.5510204081632653 0.7346938775510204
0.5510204081632653 0.7551020408163265
0.5510204081632653 0.7755102040816326
0.5510204081632653 0.7959183673469388
0.5510204081632653 0.8163265306122449
0.5510204081632653 0.8367346938775511
0.5510204081632653 0.8571428571428571
0.5510204081632653 0.8775510204081632
0.5510204081632653 0.8979591836734694
0.5510204081632653 0.9183673469387755
0.5510204081632653 0.9387755102040817
0.5510204081632653 0.9591836734693877
0.5510204081632653 0.9795918367346939
0.5510204081632653 1.0
0.5714285714285714 0.0
0.5714285714285714 0.02040816326530612
0.5714285714285714 0.04081632653061224
0.5714285714285714 0.061224489795918366
0.5714285714285714 0.08163265306122448
0.5714285714285714 0.10204081632653061
0.5714285714285714 0.12244897959183673
0.5714285714285714 0.14285714285714285
0.5714285714285714 0.16326530612244897
0.5714285714285714 0.1836734693877551
0.5714285714285714 0.20408163265306123
0.5714285714285714 0.22448979591836735
0.5714285714285714 0.24489795918367346
0.5714285714285714 0.2653061224489796
0.5714285714285714 0.2857142857142857
0.5714285714285714 0.30612244897959184
0.5714285714285714 0.32653061224489793
0.5714285714285714 0.3469387755102041
0.5714285714285714 0.3673469387755102
0.5714285714285714 0.3877551020408163
0.5714285714285714 0.40816326530612246
0.5714285714285714 0.42857142857142855
0.5714285714285714 0.4489795918367347
0.5714285714285714 0.46938775510204084
0.5714285714285714 0.4897959183673469
0.5714285714285714 0.5102040816326531
0.5714285714285714 0.5306122448979592
0.5714285714285714 0.5510204081632653
0.5714285714285714 0.5714285714285714
0.5714285714285714 0.5918367346938775
0.5714285714285714 0.6122448979591837
0.5714285714285714 0.6326530612244898
0.5714285714285714 0.6530612244897959
0.5714285714285714 0.673469387755102
0.5714285714285714 0.6938775510204082
0.5714285714285714 0.7142857142857143
0.5714285714285714 0.7346938775510204
0.5714285714285714 0.7551020408163265
0.5714285714285714 0.7755102040816326
0.5714285714285714 0.7959183673469388
0.5714285714285714 0.8163265306122449
0.5714285714285714 0.8367346938775511
0.5714285714285714 0.8571428571428571
0.5714285714285714 0.8775510204081632
0.5714285714285714 0.8979591836734694
0.5714285714285714 0.9183673469387755
0.5714285714285714 0.9387755102040817
0.5714285714285714 0.9591836734693877
0.5714285714285714 0.9795918367346939
0.5714285714285714 1.0
0.5918367346938775 0.0
0.5918367346938775 0.02040816326530612
0.5918367346938775 0.04081632653061224
0.5918367346938775 0.061224489795918366
0.5918367346938775 0.08163265306122448
0.5918367346938775 0.10204081632653061
0.5918367346938775 0.12244897959183673
0.5918367346938775 0.14285714285714285
0.5918367346938775 0.16326530612244897
0.5918367346938775 0.1836734693877551
0.5918367346938775 0.20408163265306123
0.5918367346938775 0.22448979591836735
0.5918367346938775 0.24489795918367346
0.5918367346938775 0.2653061224489796
0.5918367346938775 0.2857142857142857
0.5918367346938775 0.30612244897959184
0.5918367346938775 0.32653061224489793
0.5918367346938775 0.3469387755102041
0.5918367346938775 0.3673469387755102
0.5918367346938775 0.3877551020408163
0.5918367346938775 0.40816326530612246
0.5918367346938775 0.42857142857142855
0.5918367346938775 0.4489795918367347
0.5918367346938775 0.46938775510204084
0.5918367346938775 0.4897959183673469
0.5918367346938775 0.5102040816326531
0.5918367346938775 0.5306122448979592
0.5918367346938775 0.5510204081632653
0.5918367346938775 0.5714285714285714
0.5918367346938775 0.5918367346938775
0.5918367346938775 0.6122448979591837
0.5918367346938775 0.6326530612244898
0.5918367346938775 0.6530612244897959
0.5918367346938775 0.673469387755102
0.5918367346938775 0.6938775510204082
0.5918367346938775 0.7142857142857143
0.5918367346938775 0.7346938775510204
0.5918367346938775 0.7551020408163265
0.5918367346938775 0.7755102040816326
0.5918367346938775 0.7959183673469388
0.5918367346938775 0.8163265306122449
0.5918367346938775 0.8367346938775511
0.5918367346938775 0.8571428571428571
0.5918367346938775 0.8775510204081632
0.5918367346938775 0.8979591836734694
0.5918367346938775 0.9183673469387755
0.5918367346938775 0.9387755102040817
0.5918367346938775 0.9591836734693877
0.5918367346938775 0.9795918367346939
0.5918367346938775 1.0
0.6122448979591837 0.0
0.6122448979591837 0.02040816326530612
0.6122448979591837 0.04081632653061224
0.6122448979591837 0.061224489795918366
0.6122448979591837 0.08163265306122448
0.6122448979591837 0.10204081632653061
0.6122448979591837 0.12244897959183673
0.6122448979591837 0.14285714285714285
0.6122448979591837 0.16326530612244897
0.6122448979591837 0.1836734693877551
0.6122448979591837 0.20408163265306123
0.6122448979591837 0.22448979591836735
0.6122448979591837 0.24489795918367346
0.6122448979591837 0.2653061224489796
0.6122448979591837 0.2857142857142857
0.6122448979591837 0.30612244897959184
0.6122448979591837 0.32653061224489793
0.6122448979591837 0.3469387755102041
0.6122448979591837 0.3673469387755102
0.6122448979591837 0.3877551020408163
0.6122448979591837 0.40816326530612246
0.6122448979591837 0.42857142857142855
0.6122448979591837 0.4489795918367347
0.6122448979591837 0.46938775510204084
0.6122448979591837 0.4897959183673469
0.6122448979591837 0.5102040816326531
0.6122448979591837 0.5306122448979592
0.6122448979591837 0.5510204081632653
0.6122448979591837 0.5714285714285714
0.6122448979591837 0.5918367346938775
0.6122448979591837 0.6122448979591837
0.6122448979591837 0.6326530612244898
0.6122448979591837 0.6530612244897959
0.6122448979591837 0.673469387755102
0.6122448979591837 0.6938775510204082
0.6122448979591837 0.7142857142857143
0.6122448979591837 0.7346938775510204
0.6122448979591837 0.7551020408163265
0.6122448979591837 0.7755102040816326
0.6122448979591837 0.7959183673469388
0.6122448979591837 0.8163265306122449
0.6122448979591837 0.8367346938775511
0.6122448979591837 0.8571428571428571
0.6122448979591837 0.8775510204081632
0.6122448979591837 0.8979591836734694
0.6122448979591837 0.9183673469387755
0.6122448979591837 0.9387755102040817
0.6122448979591837 0.9591836734693877
0.6122448979591837 0.9795918367346939
0.6122448979591837 1.0
0.6326530612244898 0.0
0.6326530612244898 0.02040816326530612
0.6326530612244898 0.04081632653061224
0.6326530612244898 0.061224489795918366
0.6326530612244898 0.08163265306122448
0.6326530612244898 0.10204081632653061
0.6326530612244898 0.12244897959183673
0.6326530612244898 0.14285714285714285
0.6326530612244898 0.16326530612244897
0.6326530612244898 0.1836734693877551
0.6326530612244898 0.20408163265306123
0.6326530612244898 0.22448979591836735
0.6326530612244898 0.24489795918367346
0.6326530612244898 0.2653061224489796
0.6326530612244898 0.2857142857142857
0.6326530612244898 0.30612244897959184
0.6326530612244898 0.32653061224489793
0.6326530612244898 0.3469387755102041
0.6326530612244898 0.3673469387755102
0.6326530612244898 0.3877551020408163
0.6326530612244898 0.40816326530612246
0.6326530612244898 0.42857142857142855
0.6326530612244898 0.4489795918367347
0.6326530612244898 0.46938775510204084
0.6326530612244898 0.4897959183673469
0.6326530612244898 0.5102040816326531
0.6326530612244898 0.5306122448979592
0.6326530612244898 0.5510204081632653
0.6326530612244898 0.5714285714285714
0.6326530612244898 0.5918367346938775
0.6326530612244898 0.6122448979591837
0.6326530612244898 0.6326530612244898
0.6326530612244898 0.6530612244897959
0.6326530612244898 0.673469387755102
0.6326530612244898 0.6938775510204082
0.6326530612244898 0.7142857142857143
0.6326530612244898 0.7346938775510204
0.6326530612244898 0.7551020408163265
0.6326530612244898 0.7755102040816326
0.6326530612244898 0.7959183673469388
0.6326530612244898 0.8163265306122449
0.6326530612244898 0.8367346938775511
0.6326530612244898 0.8571428571428571
0.6326530612244898 0.8775510204081632
0.6326530612244898 0.8979591836734694
0.6326530612244898 0.9183673469387755
0.6326530612244898 0.9387755102040817
0.6326530612244898 0.9591836734693877
0.6326530612244898 0.9795918367346939
0.6326530612244898 1.0
0.6530612244897959 0.0
0.6530612244897959 0.02040816326530612
0.6530612244897959 0.04081632653061224
0.6530612244897959 0.061224489795918366
0.6530612244897959 0.08163265306122448
0.6530612244897959 0.10204081632653061
0.6530612244897959 0.12244897959183673
0.6530612244897959 0.14285714285714285
0.6530612244897959 0.16326530612244897
0.6530612244897959 0.1836734693877551
0.6530612244897959 0.20408163265306123
0.6530612244897959 0.22448979591836735
0.6530612244897959 0.24489795918367346
0.6530612244897959 0.2653061224489796
0.6530612244897959 0.2857142857142857
0.6530612244897959 0.30612244897959184
0.6530612244897959 0.32653061224489793
0.6530612244897959 0.3469387755102041
0.6530612244897959 0.3673469387755102
0.6530612244897959 0.3877551020408163
0.6530612244897959 0.40816326530612246
0.6530612244897959 0.42857142857142855
0.6530612244897959 0.4489795918367347
0.6530612244897959 0.46938775510204084
0.6530612244897959 0.4897959183673469
0.6530612244897959 0.5102040816326531
0.6530612244897959 0.5306122448979592
0.6530612244897959 0.5510204081632653
0.6530612244897959 0.5714285714285714
0.6530612244897959 0.5918367346938775
0.6530612244897959 0.6122448979591837
0.6530612244897959 0.6326530612244898
0.6530612244897959 0.6530612244897959
0.6530612244897959 0.673469387755102
0.6530612244897959 0.6938775510204082
0.6530612244897959 0.7142857142857143
0.6530612244897959 0.7346938775510204
0.6530612244897959 0.7551020408163265
0.6530612244897959 0.7755102040816326
0.6530612244897959 0.7959183673469388
0.6530612244897959 0.8163265306122449
0.6530612244897959 0.8367346938775511
0.6530612244897959 0.8571428571428571
0.6530612244897959 0.8775510204081632
0.6530612244897959 0.8979591836734694
0.6530612244897959 0.9183673469387755
0.6530612244897959 0.9387755102040817
0.6530612244897959 0.9591836734693877
0.6530612244897959 0.9795918367346939
0.6530612244897959 1.0
0.673469387755102 0.0
0.673469387755102 0.02040816326530612
0.673469387755102 0.04081632653061224
0.673469387755102 0.061224489795918366
0.673469387755102 0.08163265306122448
0.673469387755102 0.10204081632653061
0.673469387755102 0.12244897959183673
0.673469387755102 0.14285714285714285
0.673469387755102 0.16326530612244897
0.673469387755102 0.1836734693877551
0.673469387755102 0.20408163265306123
0.673469387755102 0.22448979591836735
0.673469387755102 0.24489795918367346
0.673469387755102 0.2653061224489796
0.673469387755102 0.2857142857142857
0.673469387755102 0.30612244897959184
0.673469387755102 0.32653061224489793
0.673469387755102 0.3469387755102041
0.673469387755102 0.3673469387755102
0.673469387755102 0.3877551020408163
0.673469387755102 0.40816326530612246
0.673469387755102 0.42857142857142855
0.673469387755102 0.4489795918367347
0.673469387755102 0.46938775510204084
0.673469387755102 0.4897959183673469
0.673469387755102 0.5102040816326531
0.673469387755102 0.5306122448979592
0.673469387755102 0.5510204081632653
0.673469387755102 0.5714285714285714
0.673469387755102 0.5918367346938775
0.673469387755102 0.6122448979591837
0.673469387755102 0.6326530612244898
0.673469387755102 0.6530612244897959
0.673469387755102 0.673469387755102
0.673469387755102 0.6938775510204082
0.673469387755102 0.7142857142857143
0.673469387755102 0.7346938775510204
0.673469387755102 0.7551020408163265
0.673469387755102 0.7755102040816326
0.673469387755102 0.7959183673469388
0.673469387755102 0.8163265306122449
0.673469387755102 0.8367346938775511
0.673469387755102 0.8571428571428571
0.673469387755102 0.8775510204081632
0.673469387755102 0.8979591836734694
0.673469387755102 0.9183673469387755
0.673469387755102 0.9387755102040817
0.673469387755102 0.9591836734693877
0.673469387755102 0.9795918367346939
0.673469387755102 1.0
0.6938775510204082 0.0
0.6938775510204082 0.02040816326530612
0.6938775510204082 0.04081632653061224
0.6938775510204082 0.061224489795918366
0.6938775510204082 0.08163265306122448
0.6938775510204082 0.10204081632653061
0.6938775510204082 0.12244897959183673
0.6938775510204082 0.14285714285714285
0.6938775510204082 0.16326530612244897
0.6938775510204082 0.1836734693877551
0.6938775510204082 0.20408163265306123
0.6938775510204082 0.22448979591836735
0.6938775510204082 0.24489795918367346
0.6938775510204082 0.2653061224489796
0.6938775510204082 0.2857142857142857
0.6938775510204082 0.30612244897959184
0.6938775510204082 0.32653061224489793
0.6938775510204082 0.3469387755102041
0.6938775510204082 0.3673469387755102
0.6938775510204082 0.3877551020408163
0.6938775510204082 0.40816326530612246
0.6938775510204082 0.42857142857142855
0.6938775510204082 0.4489795918367347
0.6938775510204082 0.46938775510204084
0.6938775510204082 0.4897959183673469
0.6938775510204082 0.5102040816326531
0.6938775510204082 0.5306122448979592
0.6938775510204082 0.5510204081632653
0.6938775510204082 0.5714285714285714
0.6938775510204082 0.5918367346938775
0.6938775510204082 0.6122448979591837
0.6938775510204082 0.6326530612244898
0.6938775510204082 0.6530612244897959
0.6938775510204082 0.673469387755102
0.6938775510204082 0.6938775510204082
0.6938775510204082 0.7142857142857143
0.6938775510204082 0.7346938775510204
0.6938775510204082 0.7551020408163265
0.6938775510204082 0.7755102040816326
0.6938775510204082 0.7959183673469388
0.6938775510204082 0.8163265306122449
0.6938775510204082 0.8367346938775511
0.6938775510204082 0.8571428571428571
0.6938775510204082 0.8775510204081632
0.6938775510204082 0.8979591836734694
0.6938775510204082 0.9183673469387755
0.6938775510204082 0.9387755102040817
0.6938775510204082 0.9591836734693877
0.6938775510204082 0.9795918367346939
0.6938775510204082 1.0
0.7142857142857143 0.0
0.7142857142857143 0.02040816326530612
0.7142857142857143 0.04081632653061224
0.7142857142857143 0.061224489795918366
0.7142857142857143 0.08163265306122448
0.7142857142857143 0.10204081632653061
0.7142857142857143 0.12244897959183673
0.7142857142857143 0.14285714285714285
0.7142857142857143 0.16326530612244897
0.7142857142857143 0.1836734693877551
0.7142857142857143 0.20408163265306123
0.7142857142857143 0.22448979591836735
0.7142857142857143 0.24489795918367346
0.7142857142857143 0.2653061224489796
0.7142857142857143 0.2857142857142857
0.7142857142857143 0.30612244897959184
0.7142857142857143 0.32653061224489793
0.7142857142857143 0.3469387755102041
0.7142857142857143 0.3673469387755102
0.7142857142857143 0.3877551020408163
0.7142857142857143 0.40816326530612246
0.7142857142857143 0.42857142857142855
0.7142857142857143 0.4489795918367347
0.7142857142857143 0.46938775510204084
0.7142857142857143 0.4897959183673469
0.7142857142857143 0.5102040816326531
0.7142857142857143 0.5306122448979592
0.7142857142857143 0.5510204081632653
0.7142857142857143 0.5714285714285714
0.7142857142857143 0.5918367346938775
0.7142857142857143 0.6122448979591837
0.7142857142857143 0.6326530612244898
0.7142857142857143 0.6530612244897959
0.7142857142857143 0.673469387755102
0.7142857142857143 0.6938775510204082
0.7142857142857143 0.7142857142857143
0.7142857142857143 0.7346938775510204
0.7142857142857143 0.7551020408163265
0.7142857142857143 0.7755102040816326
0.7142857142857143 0.7959183673469388
0.7142857142857143 0.8163265306122449
0.7142857142857143 0.8367346938775511
0.7142857142857143 0.8571428571428571
0.7142857142857143 0.8775510204081632
0.7142857142857143 0.8979591836734694
0.7142857142857143 0.9183673469387755
0.7142857142857143 0.9387755102040817
0.7142857142857143 0.9591836734693877
0.7142857142857143 0.9795918367346939
0.7142857142857143 1.0
0.7346938775510204 0.0
0.7346938775510204 0.02040816326530612
0.7346938775510204 0.04081632653061224
0.7346938775510204 0.061224489795918366
0.7346938775510204 0.08163265306122448
0.7346938775510204 0.10204081632653061
0.7346938775510204 0.12244897959183673
0.7346938775510204 0.14285714285714285
0.7346938775510204 0.16326530612244897
0.7346938775510204 0.1836734693877551
0.7346938775510204 0.20408163265306123
0.7346938775510204 0.22448979591836735
0.7346938775510204 0.24489795918367346
0.7346938775510204 0.2653061224489796
0.7346938775510204 0.2857142857142857
0.7346938775510204 0.30612244897959184
0.7346938775510204 0.32653061224489793
0.7346938775510204 0.3469387755102041
0.7346938775510204 0.3673469387755102
0.7346938775510204 0.3877551020408163
0.7346938775510204 0.40816326530612246
0.7346938775510204 0.42857142857142855
0.7346938775510204 0.4489795918367347
0.7346938775510204 0.46938775510204084
0.7346938775510204 0.4897959183673469
0.7346938775510204 0.5102040816326531
0.7346938775510204 0.5306122448979592
0.7346938775510204 0.5510204081632653
0.7346938775510204 0.5714285714285714
0.7346938775510204 0.5918367346938775
0.7346938775510204 0.6122448979591837
0.7346938775510204 0.6326530612244898
0.7346938775510204 0.6530612244897959
0.7346938775510204 0.673469387755102
0.7346938775510204 0.6938775510204082
0.7346938775510204 0.7142857142857143
0.7346938775510204 0.7346938775510204
0.7346938775510204 0.7551020408163265
0.7346938775510204 0.7755102040816326
0.7346938775510204 0.7959183673469388
0.7346938775510204 0.8163265306122449
0.7346938775510204 0.8367346938775511
0.7346938775510204 0.8571428571428571
0.7346938775510204 0.8775510204081632
0.7346938775510204 0.8979591836734694
0.7346938775510204 0.9183673469387755
0.7346938775510204 0.9387755102040817
0.7346938775510204 0.9591836734693877
0.7346938775510204 0.9795918367346939
0.7346938775510204 1.0
0.7551020408163265 0.0
0.7551020408163265 0.02040816326530612
0.7551020408163265 0.04081632653061224
0.7551020408163265 0.061224489795918366
0.7551020408163265 0.08163265306122448
0.7551020408163265 0.10204081632653061
0.7551020408163265 0.12244897959183673
0.7551020408163265 0.14285714285714285
0.7551020408163265 0.16326530612244897
0.7551020408163265 0.1836734693877551
0.7551020408163265 0.20408163265306123
0.7551020408163265 0.22448979591836735
0.7551020408163265 0.24489795918367346
0.7551020408163265 0.2653061224489796
0.7551020408163265 0.2857142857142857
0.7551020408163265 0.30612244897959184
0.7551020408163265 0.32653061224489793
0.7551020408163265 0.3469387755102041
0.7551020408163265 0.3673469387755102
0.7551020408163265 0.3877551020408163
0.7551020408163265 0.40816326530612246
0.7551020408163265 0.42857142857142855
0.7551020408163265 0.4489795918367347
0.7551020408163265 0.46938775510204084
0.7551020408163265 0.4897959183673469
0.7551020408163265 0.5102040816326531
0.7551020408163265 0.5306122448979592
0.7551020408163265 0.5510204081632653
0.7551020408163265 0.5714285714285714
0.7551020408163265 0.5918367346938775
0.7551020408163265 0.6122448979591837
0.7551020408163265 0.6326530612244898
0.7551020408163265 0.6530612244897959
0.7551020408163265 0.673469387755102
0.7551020408163265 0.6938775510204082
0.7551020408163265 0.7142857142857143
0.7551020408163265 0.7346938775510204
0.7551020408163265 0.7551020408163265
0.7551020408163265 0.7755102040816326
0.7551020408163265 0.7959183673469388
0.7551020408163265 0.8163265306122449
0.7551020408163265 0.8367346938775511
0.7551020408163265 0.8571428571428571
0.7551020408163265 0.8775510204081632
0.7551020408163265 0.8979591836734694
0.7551020408163265 0.9183673469387755
0.7551020408163265 0.9387755102040817
0.7551020408163265 0.9591836734693877
0.7551020408163265 0.9795918367346939
0.7551020408163265 1.0
0.7755102040816326 0.0
0.7755102040816326 0.02040816326530612
0.7755102040816326 0.04081632653061224
0.7755102040816326 0.061224489795918366
0.7755102040816326 0.08163265306122448
0.7755102040816326 0.10204081632653061
0.7755102040816326 0.12244897959183673
0.7755102040816326 0.14285714285714285
0.7755102040816326 0.16326530612244897
0.7755102040816326 0.1836734693877551
0.7755102040816326 0.20408163265306123
0.7755102040816326 0.22448979591836735
0.7755102040816326 0.24489795918367346
0.7755102040816326 0.2653061224489796
0.7755102040816326 0.2857142857142857
0.7755102040816326 0.30612244897959184
0.7755102040816326 0.32653061224489793
0.7755102040816326 0.3469387755102041
0.7755102040816326 0.3673469387755102
0.7755102040816326 0.3877551020408163
0.7755102040816326 0.40816326530612246
0.7755102040816326 0.42857142857142855
0.7755102040816326 0.4489795918367347
0.7755102040816326 0.46938775510204084
0.7755102040816326 0.4897959183673469
0.7755102040816326 0.5102040816326531
0.7755102040816326 0.5306122448979592
0.7755102040816326 0.5510204081632653
0.7755102040816326 0.5714285714285714
0.7755102040816326 0.5918367346938775
0.7755102040816326 0.6122448979591837
0.7755102040816326 0.6326530612244898
0.7755102040816326 0.6530612244897959
0.7755102040816326 0.673469387755102
0.7755102040816326 0.6938775510204082
0.7755102040816326 0.7142857142857143
0.7755102040816326 0.7346938775510204
0.7755102040816326 0.7551020408163265
0.7755102040816326 0.7755102040816326
0.7755102040816326 0.7959183673469388
0.7755102040816326 0.8163265306122449
0.7755102040816326 0.8367346938775511
0.7755102040816326 0.8571428571428571
0.7755102040816326 0.8775510204081632
0.7755102040816326 0.8979591836734694
0.7755102040816326 0.9183673469387755
0.7755102040816326 0.9387755102040817
0.7755102040816326 0.9591836734693877
0.7755102040816326 0.9795918367346939
0.7755102040816326 1.0
0.7959183673469388 0.0
0.7959183673469388 0.02040816326530612
0.7959183673469388 0.04081632653061224
0.7959183673469388 0.061224489795918366
0.7959183673469388 0.08163265306122448
0.7959183673469388 0.10204081632653061
0.7959183673469388 0.12244897959183673
0.7959183673469388 0.14285714285714285
0.7959183673469388 0.16326530612244897
0.7959183673469388 0.1836734693877551
0.7959183673469388 0.20408163265306123
0.7959183673469388 0.22448979591836735
0.7959183673469388 0.24489795918367346
0.7959183673469388 0.2653061224489796
0.7959183673469388 0.2857142857142857
0.7959183673469388 0.30612244897959184
0.7959183673469388 0.32653061224489793
0.7959183673469388 0.3469387755102041
0.7959183673469388 0.3673469387755102
0.7959183673469388 0.3877551020408163
0.7959183673469388 0.40816326530612246
0.7959183673469388 0.42857142857142855
0.7959183673469388 0.4489795918367347
0.7959183673469388 0.46938775510204084
0.7959183673469388 0.4897959183673469
0.7959183673469388 0.5102040816326531
0.7959183673469388 0.5306122448979592
0.7959183673469388 0.5510204081632653
0.7959183673469388 0.5714285714285714
0.7959183673469388 0.5918367346938775
0.7959183673469388 0.6122448979591837
0.7959183673469388 0.6326530612244898
0.7959183673469388 0.6530612244897959
0.7959183673469388 0.673469387755102
0.7959183673469388 0.6938775510204082
0.7959183673469388 0.7142857142857143
0.7959183673469388 0.7346938775510204
0.7959183673469388 0.7551020408163265
0.7959183673469388 0.7755102040816326
0.7959183673469388 0.7959183673469388
0.7959183673469388 0.8163265306122449
0.7959183673469388 0.8367346938775511
0.7959183673469388 0.8571428571428571
0.7959183673469388 0.8775510204081632
0.7959183673469388 0.8979591836734694
0.7959183673469388 0.9183673469387755
0.7959183673469388 0.9387755102040817
0.7959183673469388 0.9591836734693877
0.7959183673469388 0.9795918367346939
0.7959183673469388 1.0
0.8163265306122449 0.0
0.8163265306122449 0.02040816326530612
0.8163265306122449 0.04081632653061224
0.8163265306122449 0.061224489795918366
0.8163265306122449 0.08163265306122448
0.8163265306122449 0.10204081632653061
0.8163265306122449 0.12244897959183673
0.8163265306122449 0.14285714285714285
0.8163265306122449 0.16326530612244897
0.8163265306122449 0.1836734693877551
0.8163265306122449 0.20408163265306123
0.8163265306122449 0.22448979591836735
0.8163265306122449 0.24489795918367346
0.8163265306122449 0.2653061224489796
0.8163265306122449 0.2857142857142857
0.8163265306122449 0.30612244897959184
0.8163265306122449 0.32653061224489793
0.8163265306122449 0.3469387755102041
0.8163265306122449 0.3673469387755102
0.8163265306122449 0.3877551020408163
0.8163265306122449 0.40816326530612246
0.8163265306122449 0.42857142857142855
0.8163265306122449 0.4489795918367347
0.8163265306122449 0.46938775510204084
0.8163265306122449 0.4897959183673469
0.8163265306122449 0.5102040816326531
0.8163265306122449 0.5306122448979592
0.8163265306122449 0.5510204081632653
0.8163265306122449 0.5714285714285714
0.8163265306122449 0.5918367346938775
0.8163265306122449 0.6122448979591837
0.8163265306122449 0.6326530612244898
0.8163265306122449 0.6530612244897959
0.8163265306122449 0.673469387755102
0.8163265306122449 0.6938775510204082
0.8163265306122449 0.7142857142857143
0.8163265306122449 0.7346938775510204
0.8163265306122449 0.7551020408163265
0.8163265306122449 0.7755102040816326
0.8163265306122449 0.7959183673469388
0.8163265306122449 0.8163265306122449
0.8163265306122449 0.8367346938775511
0.8163265306122449 0.8571428571428571
0.8163265306122449 0.8775510204081632
0.8163265306122449 0.8979591836734694
0.8163265306122449 0.9183673469387755
0.8163265306122449 0.9387755102040817
0.8163265306122449 0.9591836734693877
0.8163265306122449 0.9795918367346939
0.8163265306122449 1.0
0.8367346938775511 0.0
0.8367346938775511 0.02040816326530612
0.8367346938775511 0.04081632653061224
0.8367346938775511 0.061224489795918366
0.8367346938775511 0.08163265306122448
0.8367346938775511 0.10204081632653061
0.8367346938775511 0.12244897959183673
0.8367346938775511 0.14285714285714285
0.8367346938775511 0.16326530612244897
0.8367346938775511 0.1836734693877551
0.8367346938775511 0.20408163265306123
0.8367346938775511 0.22448979591836735
0.8367346938775511 0.24489795918367346
0.8367346938775511 0.2653061224489796
0.8367346938775511 0.2857142857142857
0.8367346938775511 0.30612244897959184
0.8367346938775511 0.32653061224489793
0.8367346938775511 0.3469387755102041
0.8367346938775511 0.3673469387755102
0.8367346938775511 0.3877551020408163
0.8367346938775511 0.40816326530612246
0.8367346938775511 0.42857142857142855
0.8367346938775511 0.4489795918367347
0.8367346938775511 0.46938775510204084
0.8367346938775511 0.4897959183673469
0.8367346938775511 0.5102040816326531
0.8367346938775511 0.5306122448979592
0.8367346938775511 0.5510204081632653
0.8367346938775511 0.5714285714285714
0.8367346938775511 0.5918367346938775
0.8367346938775511 0.6122448979591837
0.8367346938775511 0.6326530612244898
0.8367346938775511 0.6530612244897959
0.8367346938775511 0.673469387755102
0.8367346938775511 0.6938775510204082
0.8367346938775511 0.7142857142857143
0.8367346938775511 0.7346938775510204
0.8367346938775511 0.7551020408163265
0.8367346938775511 0.7755102040816326
0.8367346938775511 0.7959183673469388
0.8367346938775511 0.8163265306122449
0.8367346938775511 0.8367346938775511
0.8367346938775511 0.8571428571428571
0.8367346938775511 0.8775510204081632
0.8367346938775511 0.8979591836734694
0.8367346938775511 0.9183673469387755
0.8367346938775511 0.9387755102040817
0.8367346938775511 0.9591836734693877
0.8367346938775511 0.9795918367346939
0.8367346938775511 1.0
0.8571428571428571 0.0
0.8571428571428571 0.02040816326530612
0.8571428571428571 0.04081632653061224
0.8571428571428571 0.061224489795918366
0.8571428571428571 0.08163265306122448
0.8571428571428571 0.10204081632653061
0.8571428571428571 0.12244897959183673
0.8571428571428571 0.14285714285714285
0.8571428571428571 0.16326530612244897
0.8571428571428571 0.1836734693877551
0.8571428571428571 0.20408163265306123
0.8571428571428571 0.22448979591836735
0.8571428571428571 0.24489795918367346
0.8571428571428571 0.2653061224489796
0.8571428571428571 0.2857142857142857
0.8571428571428571 0.30612244897959184
0.8571428571428571 0.32653061224489793
0.8571428571428571 0.3469387755102041
0.8571428571428571 0.3673469387755102
0.8571428571428571 0.3877551020408163
0.8571428571428571 0.40816326530612246
0.8571428571428571 0.42857142857142855
0.8571428571428571 0.4489795918367347
0.8571428571428571 0.46938775510204084
0.8571428571428571 0.4897959183673469
0.8571428571428571 0.5102040816326531
0.8571428571428571 0.5306122448979592
0.8571428571428571 0.5510204081632653
0.8571428571428571 0.5714285714285714
0.8571428571428571 0.5918367346938775
0.8571428571428571 0.6122448979591837
0.8571428571428571 0.6326530612244898
0.8571428571428571 0.6530612244897959
0.8571428571428571 0.673469387755102
0.8571428571428571 0.6938775510204082
0.8571428571428571 0.7142857142857143
0.8571428571428571 0.7346938775510204
0.8571428571428571 0.7551020408163265
0.8571428571428571 0.7755102040816326
0.8571428571428571 0.7959183673469388
0.8571428571428571 0.8163265306122449
0.8571428571428571 0.8367346938775511
0.8571428571428571 0.8571428571428571
0.8571428571428571 0.8775510204081632
0.8571428571428571 0.8979591836734694
0.8571428571428571 0.9183673469387755
0.8571428571428571 0.9387755102040817
0.8571428571428571 0.9591836734693877
0.8571428571428571 0.9795918367346939
0.8571428571428571 1.0
0.8775510204081632 0.0
0.8775510204081632 0.02040816326530612
0.8775510204081632 0.04081632653061224
0.8775510204081632 0.061224489795918366
0.8775510204081632 0.08163265306122448
0.8775510204081632 0.10204081632653061
0.8775510204081632 0.12244897959183673
0.8775510204081632 0.14285714285714285
0.8775510204081632 0.16326530612244897
0.8775510204081632 0.1836734693877551
0.8775510204081632 0.20408163265306123
0.8775510204081632 0.22448979591836735
0.8775510204081632 0.24489795918367346
0.8775510204081632 0.2653061224489796
0.8775510204081632 0.2857142857142857
0.8775510204081632 0.30612244897959184
0.8775510204081632 0.32653061224489793
0.8775510204081632 0.3469387755102041
0.8775510204081632 0.3673469387755102
0.8775510204081632 0.3877551020408163
0.8775510204081632 0.40816326530612246
0.8775510204081632 0.42857142857142855
0.8775510204081632 0.4489795918367347
0.8775510204081632 0.46938775510204084
0.8775510204081632 0.4897959183673469
0.8775510204081632 0.5102040816326531
0.8775510204081632 0.5306122448979592
0.8775510204081632 0.5510204081632653
0.8775510204081632 0.5714285714285714
0.8775510204081632 0.5918367346938775
0.8775510204081632 0.6122448979591837
0.8775510204081632 0.6326530612244898
0.8775510204081632 0.6530612244897959
0.8775510204081632 0.673469387755102
0.8775510204081632 0.6938775510204082
0.8775510204081632 0.7142857142857143
0.8775510204081632 0.7346938775510204
0.8775510204081632 0.7551020408163265
0.8775510204081632 0.7755102040816326
0.8775510204081632 0.7959183673469388
0.8775510204081632 0.8163265306122449
0.8775510204081632 0.8367346938775511
0.8775510204081632 0.8571428571428571
0.8775510204081632 0.8775510204081632
0.8775510204081632 0.8979591836734694
0.8775510204081632 0.9183673469387755
0.8775510204081632 0.9387755102040817
0.8775510204081632 0.9591836734693877
0.8775510204081632 0.9795918367346939
0.8775510204081632 1.0
0.8979591836734694 0.0
0.8979591836734694 0.02040816326530612
0.8979591836734694 0.04081632653061224
0.8979591836734694 0.061224489795918366
0.8979591836734694 0.08163265306122448
0.8979591836734694 0.10204081632653061
0.8979591836734694 0.12244897959183673
0.8979591836734694 0.14285714285714285
0.8979591836734694 0.16326530612244897
0.8979591836734694 0.1836734693877551
0.8979591836734694 0.20408163265306123
0.8979591836734694 0.22448979591836735
0.8979591836734694 0.24489795918367346
0.8979591836734694 0.2653061224489796
0.8979591836734694 0.2857142857142857
0.8979591836734694 0.30612244897959184
0.8979591836734694 0.32653061224489793
0.8979591836734694 0.3469387755102041
0.8979591836734694 0.3673469387755102
0.8979591836734694 0.3877551020408163
0.8979591836734694 0.40816326530612246
0.8979591836734694 0.42857142857142855
0.8979591836734694 0.4489795918367347
0.8979591836734694 0.46938775510204084
0.8979591836734694 0.4897959183673469
0.8979591836734694 0.5102040816326531
0.8979591836734694 0.5306122448979592
0.8979591836734694 0.5510204081632653
0.8979591836734694 0.5714285714285714
0.8979591836734694 0.5918367346938775
0.8979591836734694 0.6122448979591837
0.8979591836734694 0.6326530612244898
0.8979591836734694 0.6530612244897959
0.8979591836734694 0.673469387755102
0.8979591836734694 0.6938775510204082
0.8979591836734694 0.7142857142857143
0.8979591836734694 0.7346938775510204
0.8979591836734694 0.7551020408163265
0.8979591836734694 0.7755102040816326
0.8979591836734694 0.7959183673469388
0.8979591836734694 0.8163265306122449
0.8979591836734694 0.8367346938775511
0.8979591836734694 0.8571428571428571
0.8979591836734694 0.8775510204081632
0.8979591836734694 0.8979591836734694
0.8979591836734694 0.9183673469387755
0.8979591836734694 0.9387755102040817
0.8979591836734694 0.9591836734693877
0.8979591836734694 0.9795918367346939
0.8979591836734694 1.0
0.9183673469387755 0.0
0.9183673469387755 0.02040816326530612
0.9183673469387755 0.04081632653061224
0.9183673469387755 0.061224489795918366
0.9183673469387755 0.08163265306122448
0.9183673469387755 0.10204081632653061
0.9183673469387755 0.12244897959183673
0.9183673469387755 0.14285714285714285
0.9183673469387755 0.16326530612244897
0.9183673469387755 0.1836734693877551
0.9183673469387755 0.20408163265306123
0.9183673469387755 0.22448979591836735
0.9183673469387755 0.24489795918367346
0.9183673469387755 0.2653061224489796
0.9183673469387755 0.2857142857142857
0.9183673469387755 0.30612244897959184
0.9183673469387755 0.32653061224489793
0.9183673469387755 0.3469387755102041
0.9183673469387755 0.3673469387755102
0.9183673469387755 0.3877551020408163
0.9183673469387755 0.40816326530612246
0.9183673469387755 0.42857142857142855
0.9183673469387755 0.4489795918367347
0.9183673469387755 0.46938775510204084
0.9183673469387755 0.4897959183673469
0.9183673469387755 0.5102040816326531
0.9183673469387755 0.5306122448979592
0.9183673469387755 0.5510204081632653
0.9183673469387755 0.5714285714285714
0.9183673469387755 0.5918367346938775
0.9183673469387755 0.6122448979591837
0.9183673469387755 0.6326530612244898
0.9183673469387755 0.6530612244897959
0.9183673469387755 0.673469387755102
0.9183673469387755 0.6938775510204082
0.9183673469387755 0.7142857142857143
0.9183673469387755 0.7346938775510204
0.9183673469387755 0.7551020408163265
0.9183673469387755 0.7755102040816326
0.9183673469387755 0.7959183673469388
0.9183673469387755 0.8163265306122449
0.9183673469387755 0.8367346938775511
0.9183673469387755 0.8571428571428571
0.9183673469387755 0.8775510204081632
0.9183673469387755 0.8979591836734694
0.9183673469387755 0.9183673469387755
0.9183673469387755 0.9387755102040817
0.9183673469387755 0.9591836734693877
0.9183673469387755 0.9795918367346939
0.9183673469387755 1.0
0.9387755102040817 0.0
0.9387755102040817 0.02040816326530612
0.9387755102040817 0.04081632653061224
0.9387755102040817 0.061224489795918366
0.9387755102040817 0.08163265306122448
0.9387755102040817 0.10204081632653061
0.9387755102040817 0.12244897959183673
0.9387755102040817 0.14285714285714285
0.9387755102040817 0.16326530612244897
0.9387755102040817 0.1836734693877551
0.9387755102040817 0.20408163265306123
0.9387755102040817 0.22448979591836735
0.9387755102040817 0.24489795918367346
0.9387755102040817 0.2653061224489796
0.9387755102040817 0.2857142857142857
0.9387755102040817 0.30612244897959184
0.9387755102040817 0.32653061224489793
0.9387755102040817 0.3469387755102041
0.9387755102040817 0.3673469387755102
0.9387755102040817 0.3877551020408163
0.9387755102040817 0.40816326530612246
0.9387755102040817 0.42857142857142855
0.9387755102040817 0.4489795918367347
0.9387755102040817 0.46938775510204084
0.9387755102040817 0.4897959183673469
0.9387755102040817 0.5102040816326531
0.9387755102040817 0.5306122448979592
0.9387755102040817 0.5510204081632653
0.9387755102040817 0.5714285714285714
0.9387755102040817 0.5918367346938775
0.9387755102040817 0.6122448979591837
0.9387755102040817 0.6326530612244898
0.9387755102040817 0.6530612244897959
0.9387755102040817 0.673469387755102
0.9387755102040817 0.6938775510204082
0.9387755102040817 0.7142857142857143
0.9387755102040817 0.7346938775510204
0.9387755102040817 0.7551020408163265
0.9387755102040817 0.7755102040816326
0.9387755102040817 0.7959183673469388
0.9387755102040817 0.8163265306122449
0.9387755102040817 0.8367346938775511
0.9387755102040817 0.8571428571428571
0.9387755102040817 0.8775510204081632
0.9387755102040817 0.8979591836734694
0.9387755102040817 0.9183673469387755
0.9387755102040817 0.9387755102040817
0.9387755102040817 0.9591836734693877
0.9387755102040817 0.9795918367346939
0.9387755102040817 1.0
0.9591836734693877 0.0
0.9591836734693877 0.02040816326530612
0.9591836734693877 0.04081632653061224
0.9591836734693877 0.061224489795918366
0.9591836734693877 0.08163265306122448
0.9591836734693877 0.10204081632653061
0.9591836734693877 0.12244897959183673
0.9591836734693877 0.14285714285714285
0.9591836734693877 0.16326530612244897
0.9591836734693877 0.1836734693877551
0.9591836734693877 0.20408163265306123
0.9591836734693877 0.22448979591836735
0.9591836734693877 0.24489795918367346
0.9591836734693877 0.2653061224489796
0.9591836734693877 0.2857142857142857
0.9591836734693877 0.30612244897959184
0.9591836734693877 0.32653061224489793
0.9591836734693877 0.3469387755102041
0.9591836734693877 0.3673469387755102
0.9591836734693877 0.3877551020408163
0.9591836734693877 0.40816326530612246
0.9591836734693877 0.42857142857142855
0.9591836734693877 0.4489795918367347
0.9591836734693877 0.46938775510204084
0.9591836734693877 0.4897959183673469
0.9591836734693877 0.5102040816326531
0.9591836734693877 0.5306122448979592
0.9591836734693877 0.5510204081632653
0.9591836734693877 0.5714285714285714
0.9591836734693877 0.5918367346938775
0.9591836734693877 0.6122448979591837
0.9591836734693877 0.6326530612244898
0.9591836734693877 0.6530612244897959
0.9591836734693877 0.673469387755102
0.9591836734693877 0.6938775510204082
0.9591836734693877 0.7142857142857143
0.9591836734693877 0.7346938775510204
0.9591836734693877 0.7551020408163265
0.9591836734693877 0.7755102040816326
0.9591836734693877 0.7959183673469388
0.9591836734693877 0.8163265306122449
0.9591836734693877 0.8367346938775511
0.9591836734693877 0.8571428571428571
0.9591836734693877 0.8775510204081632
0.9591836734693877 0.8979591836734694
0.9591836734693877 0.9183673469387755
0.9591836734693877 0.9387755102040817
0.9591836734693877 0.9591836734693877
0.9591836734693877 0.9795918367346939
0.9591836734693877 1.0
0.9795918367346939 0.0
0.9795918367346939 0.02040816326530612
0.9795918367346939 0.04081632653061224
0.9795918367346939 0.061224489795918366
0.9795918367346939 0.08163265306122448
0.9795918367346939 0.10204081632653061
0.9795918367346939 0.12244897959183673
0.9795918367346939 0.14285714285714285
0.9795918367346939 0.16326530612244897
0.9795918367346939 0.1836734693877551
0.9795918367346939 0.20408163265306123
0.9795918367346939 0.22448979591836735
0.9795918367346939 0.24489795918367346
0.9795918367346939 0.2653061224489796
0.9795918367346939 0.2857142857142857
0.9795918367346939 0.30612244897959184
0.9795918367346939 0.32653061224489793
0.9795918367346939 0.3469387755102041
0.9795918367346939 0.3673469387755102
0.9795918367346939 0.3877551020408163
0.9795918367346939 0.40816326530612246
0.9795918367346939 0.42857142857142855
0.9795918367346939 0.4489795918367347
0.9795918367346939 0.46938775510204084
0.9795918367346939 0.4897959183673469
0.9795918367346939 0.5102040816326531
0.9795918367346939 0.5306122448979592
0.9795918367346939 0.5510204081632653
0.9795918367346939 0.5714285714285714
0.9795918367346939 0.5918367346938775
0.9795918367346939 0.6122448979591837
0.9795918367346939 0.6326530612244898
0.9795918367346939 0.6530612244897959
0.9795918367346939 0.673469387755102
0.9795918367346939 0.6938775510204082
0.9795918367346939 0.7142857142857143
0.9795918367346939 0.7346938775510204
0.9795918367346939 0.7551020408163265
0.9795918367346939 0.7755102040816326
0.9795918367346939 0.7959183673469388
0.9795918367346939 0.8163265306122449
0.9795918367346939 0.8367346938775511
0.9795918367346939 0.8571428571428571
0.9795918367346939 0.8775510204081632
0.9795918367346939 0.8979591836734694
0.9795918367346939 0.9183673469387755
0.9795918367346939 0.9387755102040817
0.9795918367346939 0.9591836734693877
0.9795918367346939 0.9795918367346939
0.9795918367346939 1.0
1.0 0.0
1.0 0.02040816326530612
1.0 0.04081632653061224
1.0 0.061224489795918366
1.0 0.08163265306122448
1.0 0.10204081632653061
1.0 0.12244897959183673
1.0 0.14285714285714285
1.0 0.16326530612244897
1.0 0.1836734693877551
1.0 0.20408163265306123
1.0 0.22448979591836735
1.0 0.24489795918367346
1.0 0.2653061224489796
1.0 0.2857142857142857
1.0 0.30612244897959184
1.0 0.32653061224489793
1.0 0.3469387755102041
1.0 0.3673469387755102
1.0 0.3877551020408163
1.0 0.40816326530612246
1.0 0.42857142857142855
1.0 0.4489795918367347
1.0 0.46938775510204084
1.0 0.4897959183673469
1.0 0.5102040816326531
1.0 0.5306122448979592
1.0 0.5510204081632653
1.0 0.5714285714285714
1.0 0.5918367346938775
1.0 0.6122448979591837
1.0 0.6326530612244898
1.0 0.6530612244897959
1.0 0.673469387755102
1.0 0.6938775510204082
1.0 0.7142857142857143
1.0 0.7346938775510204
1.0 0.7551020408163265
1.0 0.7755102040816326
1.0 0.7959183673469388
1.0 0.8163265306122449
1.0 0.8367346938775511
1.0 0.8571428571428571
1.0 0.8775510204081632
1.0 0.8979591836734694
1.0 0.9183673469387755
1.0 0.9387755102040817
1.0 0.9591836734693877
1.0 0.9795918367346939
1.0 1.0
