0.0900169 0.835649
0.0660999 0.900802
0.0143966 0.743886

0.0660999 0.900802
0.016354 0.952845
0.0143966 0.743886

0.998536 0.236578
0.991054 0.453329
0.968986 0.329583

0.944151 0.180705
0.998536 0.236578
0.968986 0.329583

0.436044 0.728352
0.573042 0.707573
0.507112 0.900717

0.727532 0.310638
0.697618 0.249927
0.791472 0.310368

0.944151 0.180705
0.968986 0.329583
0.791472 0.310368

0.968986 0.329583
0.871159 0.398156
0.791472 0.310368

0.0900169 0.835649
0.104406 0.802215
0.281723 0.851681

0.697618 0.249927
0.727532 0.310638
0.586085 0.298077

0.607766 0.101018
0.53896 0.0596197
0.71391 0.0109493

0.811161 0.982715
0.983111 0.980228
0.0476154 0.999935

0.016354 0.952845
0.0660999 0.900802
0.0476154 0.999935

0.507112 0.900717
0.464673 0.945217
0.371123 0.851098

0.281723 0.851681
0.397593 0.72814
0.371123 0.851098

0.811161 0.982715
0.0476154 0.999935
0.669815 0.978888

0.991054 0.453329
0.968484 0.621748
0.952116 0.551761

0.968484 0.621748
0.881946 0.551917
0.952116 0.551761

0.53896 0.0596197
0.607766 0.101018
0.531916 0.207968

0.493608 0.208754
0.53896 0.0596197
0.531916 0.207968

0.607766 0.101018
0.697618 0.249927
0.531916 0.207968

0.697618 0.249927
0.586085 0.298077
0.531916 0.207968

0.586085 0.298077
0.530805 0.233839
0.531916 0.207968

0.530805 0.233839
0.493608 0.208754
0.531916 0.207968

0.804526 0.600481
0.710854 0.598015
0.717371 0.573879

0.710854 0.598015
0.673569 0.541545
0.717371 0.573879

0.311832 0.371187
0.326366 0.518082
0.275978 0.431281

0.573042 0.707573
0.436044 0.728352
0.584829 0.673571

0.623945 0.704898
0.573042 0.707573
0.584829 0.673571

0.710854 0.598015
0.623945 0.704898
0.584829 0.673571

0.983111 0.980228
0.811161 0.982715
0.882325 0.870275

0.811161 0.982715
0.669815 0.978888
0.676452 0.893294

0.0344326 0.411114
0.01423 0.482659
0.00275321 0.471003

0.0109693 0.146898
0.0344326 0.411114
0.00275321 0.471003

0.326366 0.518082
0.311832 0.371187
0.424236 0.373876

0.530805 0.233839
0.586085 0.298077
0.424236 0.373876

0.493608 0.208754
0.530805 0.233839
0.424236 0.373876

0.411376 0.0647889
0.403442 0.11689
0.322101 0.0940506

0.493608 0.208754
0.424236 0.373876
0.352764 0.274218

0.424236 0.373876
0.311832 0.371187
0.352764 0.274218

0.573042 0.707573
0.623945 0.704898
0.645812 0.883569

0.623945 0.704898
0.676452 0.893294
0.645812 0.883569

0.507112 0.900717
0.573042 0.707573
0.645812 0.883569

0.676452 0.893294
0.669815 0.978888
0.645812 0.883569

0.53896 0.0596197
0.493608 0.208754
0.508057 0.0492532

0.493608 0.208754
0.403442 0.11689
0.508057 0.0492532

0.403442 0.11689
0.411376 0.0647889
0.508057 0.0492532

0.71391 0.0109493
0.53896 0.0596197
0.508057 0.0492532

0.041963 0.0680097
0.0109693 0.146898
0.000458537 0.0399731

0.0171736 0.00281786
0.041963 0.0680097
0.000458537 0.0399731

0.0109693 0.146898
0.00275321 0.471003
0.000458537 0.0399731

0.281723 0.851681
0.104406 0.802215
0.257221 0.71783

0.397593 0.72814
0.281723 0.851681
0.257221 0.71783

0.727532 0.310638
0.673569 0.541545
0.613852 0.533199

0.586085 0.298077
0.727532 0.310638
0.613852 0.533199

0.513673 0.481578
0.586085 0.298077
0.613852 0.533199

0.673569 0.541545
0.710854 0.598015
0.613852 0.533199

0.710854 0.598015
0.584829 0.673571
0.613852 0.533199

0.159421 0.0784368
0.263484 0.113428
0.149111 0.198681

0.0990318 0.2251
0.0109693 0.146898
0.149111 0.198681

0.0109693 0.146898
0.041963 0.0680097
0.149111 0.198681

0.041963 0.0680097
0.159421 0.0784368
0.149111 0.198681

0.311832 0.371187
0.275978 0.431281
0.206769 0.308532

0.0990318 0.2251
0.149111 0.198681
0.206769 0.308532

0.352764 0.274218
0.311832 0.371187
0.206769 0.308532

0.263484 0.113428
0.159421 0.0784368
0.277118 0.0890945

0.322101 0.0940506
0.263484 0.113428
0.277118 0.0890945

0.411376 0.0647889
0.322101 0.0940506
0.277118 0.0890945

0.0660999 0.900802
0.0900169 0.835649
0.178807 0.953569

0.0900169 0.835649
0.281723 0.851681
0.178807 0.953569

0.0476154 0.999935
0.0660999 0.900802
0.178807 0.953569

0.998536 0.236578
0.944151 0.180705
0.982389 0.195981

0.944151 0.180705
0.969735 0.0341681
0.982389 0.195981

0.969735 0.0341681
0.998536 0.236578
0.982389 0.195981

0.281723 0.851681
0.371123 0.851098
0.26077 0.95914

0.371123 0.851098
0.464673 0.945217
0.26077 0.95914

0.178807 0.953569
0.281723 0.851681
0.26077 0.95914

0.0476154 0.999935
0.178807 0.953569
0.26077 0.95914

0.881946 0.551917
0.968484 0.621748
0.864768 0.685006

0.804526 0.600481
0.881946 0.551917
0.864768 0.685006

0.403442 0.11689
0.493608 0.208754
0.333016 0.186869

0.493608 0.208754
0.352764 0.274218
0.333016 0.186869

0.263484 0.113428
0.322101 0.0940506
0.333016 0.186869

0.322101 0.0940506
0.403442 0.11689
0.333016 0.186869

0.352764 0.274218
0.206769 0.308532
0.333016 0.186869

0.149111 0.198681
0.263484 0.113428
0.333016 0.186869

0.206769 0.308532
0.149111 0.198681
0.333016 0.186869

0.623945 0.704898
0.710854 0.598015
0.779056 0.68578

0.710854 0.598015
0.804526 0.600481
0.779056 0.68578

0.804526 0.600481
0.864768 0.685006
0.779056 0.68578

0.676452 0.893294
0.623945 0.704898
0.779056 0.68578

0.326366 0.518082
0.424236 0.373876
0.461087 0.424868

0.645812 0.883569
0.669815 0.978888
0.569349 0.969144

0.26077 0.95914
0.464673 0.945217
0.569349 0.969144

0.669815 0.978888
0.0476154 0.999935
0.569349 0.969144

0.0476154 0.999935
0.26077 0.95914
0.569349 0.969144

0.436044 0.728352
0.397593 0.72814
0.474121 0.569807

0.397593 0.72814
0.309546 0.571578
0.474121 0.569807

0.309546 0.571578
0.326366 0.518082
0.474121 0.569807

0.584829 0.673571
0.436044 0.728352
0.474121 0.569807

0.513673 0.481578
0.613852 0.533199
0.474121 0.569807

0.613852 0.533199
0.584829 0.673571
0.474121 0.569807

0.326366 0.518082
0.461087 0.424868
0.474121 0.569807

0.461087 0.424868
0.513673 0.481578
0.474121 0.569807

0.0143966 0.743886
0.016354 0.952845
0.00911699 0.731342

0.00275321 0.471003
0.01423 0.482659
0.00911699 0.731342

0.309546 0.571578
0.397593 0.72814
0.287637 0.622969

0.397593 0.72814
0.257221 0.71783
0.287637 0.622969

0.275978 0.431281
0.326366 0.518082
0.264541 0.436748

0.206769 0.308532
0.275978 0.431281
0.264541 0.436748

0.673569 0.541545
0.727532 0.310638
0.82165 0.47131

0.727532 0.310638
0.791472 0.310368
0.82165 0.47131

0.791472 0.310368
0.871159 0.398156
0.82165 0.47131

0.717371 0.573879
0.673569 0.541545
0.82165 0.47131

0.871159 0.398156
0.881946 0.551917
0.82165 0.47131

0.881946 0.551917
0.804526 0.600481
0.82165 0.47131

0.804526 0.600481
0.717371 0.573879
0.82165 0.47131

0.944151 0.180705
0.791472 0.310368
0.74528 0.0987679

0.791472 0.310368
0.697618 0.249927
0.74528 0.0987679

0.697618 0.249927
0.607766 0.101018
0.74528 0.0987679

0.607766 0.101018
0.71391 0.0109493
0.74528 0.0987679

0.969735 0.0341681
0.944151 0.180705
0.74528 0.0987679

0.71391 0.0109493
0.969735 0.0341681
0.74528 0.0987679

0.464673 0.945217
0.507112 0.900717
0.560405 0.924087

0.569349 0.969144
0.464673 0.945217
0.560405 0.924087

0.507112 0.900717
0.645812 0.883569
0.560405 0.924087

0.645812 0.883569
0.569349 0.969144
0.560405 0.924087

0.287637 0.622969
0.257221 0.71783
0.052337 0.542793

0.00911699 0.731342
0.01423 0.482659
0.052337 0.542793

0.159421 0.0784368
0.041963 0.0680097
0.120068 0.00872405

0.041963 0.0680097
0.0171736 0.00281786
0.120068 0.00872405

0.0171736 0.00281786
0.71391 0.0109493
0.120068 0.00872405

0.71391 0.0109493
0.508057 0.0492532
0.120068 0.00872405

0.508057 0.0492532
0.411376 0.0647889
0.120068 0.00872405

0.277118 0.0890945
0.159421 0.0784368
0.120068 0.00872405

0.411376 0.0647889
0.277118 0.0890945
0.120068 0.00872405

0.871159 0.398156
0.968986 0.329583
0.936559 0.380838

0.968986 0.329583
0.956387 0.393765
0.936559 0.380838

0.956387 0.393765
0.871159 0.398156
0.936559 0.380838

0.882325 0.870275
0.864768 0.685006
0.967864 0.801327

0.864768 0.685006
0.968484 0.621748
0.967864 0.801327

0.0344326 0.411114
0.0109693 0.146898
0.0658438 0.30088

0.0596268 0.359447
0.0344326 0.411114
0.0658438 0.30088

0.0109693 0.146898
0.0990318 0.2251
0.0658438 0.30088

0.0990318 0.2251
0.206769 0.308532
0.0658438 0.30088

0.206769 0.308532
0.0596268 0.359447
0.0658438 0.30088

0.991054 0.453329
0.998536 0.236578
0.988196 0.8449

0.968484 0.621748
0.991054 0.453329
0.988196 0.8449

0.967864 0.801327
0.968484 0.621748
0.988196 0.8449

0.983111 0.980228
0.882325 0.870275
0.988196 0.8449

0.882325 0.870275
0.967864 0.801327
0.988196 0.8449

0.881946 0.551917
0.871159 0.398156
0.98666 0.449283

0.991054 0.453329
0.952116 0.551761
0.98666 0.449283

0.952116 0.551761
0.881946 0.551917
0.98666 0.449283

0.871159 0.398156
0.956387 0.393765
0.98666 0.449283

0.968986 0.329583
0.991054 0.453329
0.98666 0.449283

0.956387 0.393765
0.968986 0.329583
0.98666 0.449283

0.326366 0.518082
0.309546 0.571578
0.269768 0.556009

0.264541 0.436748
0.326366 0.518082
0.269768 0.556009

0.309546 0.571578
0.287637 0.622969
0.269768 0.556009

0.287637 0.622969
0.052337 0.542793
0.269768 0.556009

0.436044 0.728352
0.507112 0.900717
0.418427 0.743889

0.507112 0.900717
0.371123 0.851098
0.418427 0.743889

0.397593 0.72814
0.436044 0.728352
0.418427 0.743889

0.371123 0.851098
0.397593 0.72814
0.418427 0.743889

0.0344326 0.411114
0.0596268 0.359447
0.125816 0.427544

0.0596268 0.359447
0.206769 0.308532
0.125816 0.427544

0.206769 0.308532
0.264541 0.436748
0.125816 0.427544

0.01423 0.482659
0.0344326 0.411114
0.125816 0.427544

0.052337 0.542793
0.01423 0.482659
0.125816 0.427544

0.264541 0.436748
0.269768 0.556009
0.125816 0.427544

0.269768 0.556009
0.052337 0.542793
0.125816 0.427544

0.586085 0.298077
0.513673 0.481578
0.475231 0.413453

0.513673 0.481578
0.461087 0.424868
0.475231 0.413453

0.424236 0.373876
0.586085 0.298077
0.475231 0.413453

0.461087 0.424868
0.424236 0.373876
0.475231 0.413453

0.0900169 0.835649
0.0143966 0.743886
0.0505129 0.739772

0.104406 0.802215
0.0900169 0.835649
0.0505129 0.739772

0.0143966 0.743886
0.00911699 0.731342
0.0505129 0.739772

0.257221 0.71783
0.104406 0.802215
0.0505129 0.739772

0.00911699 0.731342
0.052337 0.542793
0.0505129 0.739772

0.052337 0.542793
0.257221 0.71783
0.0505129 0.739772

0.882325 0.870275
0.811161 0.982715
0.850201 0.872163

0.811161 0.982715
0.676452 0.893294
0.850201 0.872163

0.676452 0.893294
0.779056 0.68578
0.850201 0.872163

0.864768 0.685006
0.882325 0.870275
0.850201 0.872163

0.779056 0.68578
0.864768 0.685006
0.850201 0.872163

